Acquisition Time,Acquisition Start Time,GPS Fix Time,GPS Fix Attempt,GPS Latitude,GPS Longitude
2020.07.09 23:00:09,2020.07.09 23:00:00,2020.07.09 23:00:09,Resolved QFP (Uncertain),37.930044,16.068138
2020.07.09 23:30:12,2020.07.09 23:30:00,2020.07.09 23:30:12,Resolved QFP,37.930187,16.068178
2020.07.10 00:00:00,2020.07.10 00:00:00,,,,
2020.07.10 00:30:08,2020.07.10 00:30:00,2020.07.10 00:30:08,Resolved QFP,37.931116,16.069576
2020.07.10 01:00:08,2020.07.10 01:00:00,2020.07.10 01:00:08,Resolved QFP,37.931058,16.069576
2020.07.10 01:30:07,2020.07.10 01:30:00,2020.07.10 01:30:07,Resolved QFP,37.931116,16.069615
2020.07.10 02:00:00,2020.07.10 00:00:00,,,,
2020.07.10 02:00:08,2020.07.10 02:00:00,2020.07.10 02:00:08,Resolved QFP,37.931174,16.06964
2020.07.10 03:02:21,2020.07.10 03:00:00,2020.07.10 03:02:21,Resolved QFP,37.926526,16.070751
2020.07.10 03:43:05,2020.07.10 03:30:00,2020.07.10 03:43:05,Resolved QFP,37.921882,16.070621
2020.07.10 04:00:00,2020.07.10 02:00:00,,,,
2020.07.10 05:12:33,2020.07.10 05:00:00,2020.07.10 05:12:33,Resolved QFP,37.919837,16.048652
2020.07.10 05:34:02,2020.07.10 05:30:00,2020.07.10 05:34:02,Resolved QFP,37.919332,16.048329
2020.07.10 05:34:12,2020.07.10 05:34:12,,,,
2020.07.10 06:00:00,2020.07.10 04:00:00,,,,
2020.07.10 06:08:16,2020.07.10 06:00:00,2020.07.10 06:08:16,Resolved QFP,37.919043,16.048073
2020.07.10 06:51:31,2020.07.10 06:30:00,2020.07.10 06:51:31,Resolved QFP,37.919191,16.04772
2020.07.10 07:14:58,2020.07.10 07:00:00,2020.07.10 07:14:58,Resolved QFP,37.919105,16.047895
2020.07.10 07:34:24,2020.07.10 07:30:00,2020.07.10 07:34:24,Resolved QFP,37.919081,16.047944
2020.07.10 08:00:00,2020.07.10 06:00:00,,,,
2020.07.10 08:24:43,2020.07.10 08:00:00,2020.07.10 08:24:43,Resolved QFP,37.918549,16.047622
2020.07.10 08:45:59,2020.07.10 08:30:00,2020.07.10 08:45:59,Resolved QFP,37.918847,16.047699
2020.07.10 09:35:16,2020.07.10 09:30:00,2020.07.10 09:35:16,Resolved QFP,37.918878,16.047498
2020.07.10 10:00:00,2020.07.10 08:00:00,,,,
2020.07.10 10:47:42,2020.07.10 10:30:00,2020.07.10 10:47:42,Resolved QFP,37.919422,16.046648
2020.07.10 11:06:10,2020.07.10 11:00:00,2020.07.10 11:06:10,Resolved QFP,37.919326,16.046588
2020.07.10 11:35:52,2020.07.10 11:30:00,2020.07.10 11:35:52,Resolved QFP,37.918992,16.045915
2020.07.10 12:00:00,2020.07.10 10:00:00,,,,
2020.07.10 12:00:00,2020.07.10 12:00:00,,,,
2020.07.10 12:15:03,2020.07.10 12:00:00,2020.07.10 12:15:03,Resolved QFP,37.917318,16.046116
2020.07.10 14:00:00,2020.07.10 12:00:00,,,,
2020.07.10 14:17:20,2020.07.10 14:17:20,,,,
2020.07.10 14:17:51,2020.07.10 14:00:00,2020.07.10 14:17:51,Resolved QFP,37.917011,16.02673
2020.07.10 14:31:09,2020.07.10 14:30:00,2020.07.10 14:31:09,Resolved QFP,37.9174,16.027598
2020.07.10 15:40:03,2020.07.10 15:30:00,2020.07.10 15:40:03,Resolved QFP,37.919408,16.044304
2020.07.10 16:00:00,2020.07.10 14:00:00,,,,
2020.07.10 16:12:55,2020.07.10 16:00:00,2020.07.10 16:12:55,Resolved QFP,37.919192,16.044266
2020.07.10 17:02:40,2020.07.10 17:00:00,2020.07.10 17:02:40,Resolved QFP,37.91859,16.0443
2020.07.10 17:33:15,2020.07.10 17:33:15,,,,
2020.07.10 17:33:26,2020.07.10 17:30:00,2020.07.10 17:33:26,Resolved QFP,37.91846,16.04439
2020.07.10 18:00:00,2020.07.10 16:00:00,,,,
2020.07.10 18:07:31,2020.07.10 18:00:00,2020.07.10 18:07:31,Resolved QFP,37.917871,16.045255
2020.07.10 18:54:59,2020.07.10 18:30:00,2020.07.10 18:54:59,Resolved QFP,37.919938,16.050776
2020.07.10 19:24:56,2020.07.10 19:00:00,2020.07.10 19:24:56,Resolved QFP,37.920116,16.051512
2020.07.10 19:47:30,2020.07.10 19:30:00,2020.07.10 19:47:30,Resolved QFP,37.920155,16.05181
2020.07.10 20:00:00,2020.07.10 18:00:00,,,,
2020.07.10 20:09:10,2020.07.10 20:00:00,2020.07.10 20:09:10,Resolved QFP,37.920203,16.052362
2020.07.10 21:04:03,2020.07.10 21:00:00,2020.07.10 21:04:03,Resolved QFP,37.923794,16.063016
2020.07.10 22:00:00,2020.07.10 20:00:00,,,,
2020.07.10 22:04:22,2020.07.10 22:00:00,2020.07.10 22:04:22,Resolved QFP,37.922677,16.05861
2020.07.10 22:39:31,2020.07.10 22:30:00,2020.07.10 22:39:31,Resolved QFP,37.922227,16.057746
2020.07.10 23:07:53,2020.07.10 23:07:53,,,,
2020.07.10 23:08:04,2020.07.10 23:00:00,2020.07.10 23:08:04,Resolved QFP,37.922039,16.057639
2020.07.10 23:35:05,2020.07.10 23:30:00,2020.07.10 23:35:05,Resolved QFP,37.921612,16.057089
2020.07.11 00:00:00,2020.07.10 22:00:00,,,,
2020.07.11 00:00:00,2020.07.11 00:00:00,,,,
2020.07.11 00:15:39,2020.07.11 00:00:00,2020.07.11 00:15:39,Resolved QFP,37.920197,16.057019
2020.07.11 00:54:14,2020.07.11 00:30:00,2020.07.11 00:54:14,Resolved QFP,37.919218,16.057435
2020.07.11 01:01:09,2020.07.11 01:00:00,2020.07.11 01:01:09,Resolved QFP,37.918895,16.057566
2020.07.11 01:47:22,2020.07.11 01:30:00,2020.07.11 01:47:22,Resolved QFP,37.918295,16.055406
2020.07.11 02:00:00,2020.07.11 00:00:00,,,,
2020.07.11 02:28:17,2020.07.11 02:28:17,,,,
2020.07.11 02:31:05,2020.07.11 02:30:00,2020.07.11 02:31:05,Resolved QFP,37.917115,16.05415
2020.07.11 03:12:02,2020.07.11 03:00:00,2020.07.11 03:12:02,Resolved QFP,37.91665,16.053706
2020.07.11 04:00:00,2020.07.11 02:00:00,,,,
2020.07.11 04:00:59,2020.07.11 04:00:00,2020.07.11 04:00:59,Resolved QFP,37.902009,16.054262
2020.07.11 06:00:00,2020.07.11 04:00:00,,,,
2020.07.11 08:00:00,2020.07.11 06:00:00,,,,
2020.07.11 10:00:00,2020.07.11 08:00:00,,,,
2020.07.11 11:00:55,2020.07.11 11:00:00,2020.07.11 11:00:55,Unresolved QFP,37.760889,16.045582
2020.07.11 11:32:34,2020.07.11 11:30:00,2020.07.11 11:32:34,Resolved QFP,37.756092,16.042623
2020.07.11 12:00:00,2020.07.11 10:00:00,,,,
2020.07.11 12:00:00,2020.07.11 12:00:00,,,,
2020.07.11 14:00:00,2020.07.11 12:00:00,,,,
2020.07.11 16:00:00,2020.07.11 14:00:00,,,,
2020.07.11 17:30:05,2020.07.11 17:30:00,2020.07.11 17:30:05,Resolved QFP,37.721371,16.077562
2020.07.11 18:00:00,2020.07.11 16:00:00,,,,
2020.07.11 18:30:06,2020.07.11 18:30:00,2020.07.11 18:30:06,Resolved QFP,37.720561,16.089392
2020.07.11 18:59:49,2020.07.11 18:59:49,,,,
2020.07.11 19:00:05,2020.07.11 19:00:00,2020.07.11 19:00:05,Resolved QFP,37.720368,16.091046
2020.07.11 19:30:15,2020.07.11 19:30:00,2020.07.11 19:30:15,Resolved QFP,37.720829,16.090941
2020.07.11 20:00:00,2020.07.11 18:00:00,,,,
2020.07.11 20:02:59,2020.07.11 20:00:00,2020.07.11 20:02:59,Resolved QFP,37.720403,16.090553
2020.07.11 20:30:07,2020.07.11 20:30:00,2020.07.11 20:30:07,Resolved QFP,37.720204,16.089875
2020.07.11 21:00:15,2020.07.11 21:00:00,2020.07.11 21:00:15,Resolved QFP,37.72022,16.090537
2020.07.11 21:30:09,2020.07.11 21:30:00,2020.07.11 21:30:09,Resolved QFP,37.720161,16.09181
2020.07.11 21:34:23,2020.07.11 21:34:23,,,,
2020.07.11 22:00:00,2020.07.11 20:00:00,,,,
2020.07.11 23:03:54,2020.07.11 23:00:00,2020.07.11 23:03:54,Resolved QFP,37.703213,16.093295
2020.07.11 23:35:57,2020.07.11 23:30:00,2020.07.11 23:35:57,Resolved QFP,37.696807,16.094971
2020.07.12 00:00:00,2020.07.11 22:00:00,,,,
2020.07.12 00:00:00,2020.07.12 00:00:00,,,,
2020.07.12 00:00:07,2020.07.12 00:00:00,2020.07.12 00:00:07,Resolved QFP,37.69378,16.094015
2020.07.12 00:30:08,2020.07.12 00:30:00,2020.07.12 00:30:08,Resolved QFP,37.691779,16.091037
2020.07.12 02:00:00,2020.07.12 00:00:00,,,,
2020.07.12 04:00:00,2020.07.12 02:00:00,,,,
2020.07.12 05:30:14,2020.07.12 05:30:00,2020.07.12 05:30:14,Resolved QFP,37.631596,16.054383
2020.07.12 06:00:00,2020.07.12 04:00:00,,,,
2020.07.12 06:34:59,2020.07.12 06:30:00,2020.07.12 06:34:59,Resolved QFP,37.625756,16.039151
2020.07.12 08:00:00,2020.07.12 06:00:00,,,,
2020.07.12 09:15:36,2020.07.12 09:00:00,2020.07.12 09:15:36,Resolved QFP,37.612378,16.000956
2020.07.12 09:32:17,2020.07.12 09:30:00,2020.07.12 09:32:17,Resolved QFP (Uncertain),37.613044,15.997565
2020.07.12 10:00:00,2020.07.12 08:00:00,,,,
2020.07.12 10:40:41,2020.07.12 10:30:00,2020.07.12 10:40:41,Resolved QFP,37.616768,15.984473
2020.07.12 11:44:50,2020.07.12 11:30:00,2020.07.12 11:44:50,Resolved QFP,37.611881,15.970137
2020.07.12 12:00:00,2020.07.12 10:00:00,,,,
2020.07.12 12:00:00,2020.07.12 12:00:00,,,,
2020.07.12 12:00:04,2020.07.12 12:00:00,2020.07.12 12:00:04,Resolved QFP,37.61221,15.969112
2020.07.12 12:40:24,2020.07.12 12:40:24,,,,
2020.07.12 12:40:37,2020.07.12 12:30:00,2020.07.12 12:40:37,Resolved QFP,37.612993,15.964672
2020.07.12 13:01:07,2020.07.12 13:00:00,2020.07.12 13:01:07,Resolved QFP,37.613079,15.9625
2020.07.12 13:39:12,2020.07.12 13:30:00,2020.07.12 13:39:12,Resolved QFP,37.611305,15.959035
2020.07.12 14:00:00,2020.07.12 12:00:00,,,,
2020.07.12 14:00:05,2020.07.12 14:00:00,2020.07.12 14:00:05,Resolved QFP,37.611303,15.958968
2020.07.12 14:00:16,2020.07.12 14:00:16,,,,
2020.07.12 14:38:08,2020.07.12 14:30:00,2020.07.12 14:38:08,Resolved QFP,37.609034,15.959661
2020.07.12 15:05:44,2020.07.12 15:00:00,2020.07.12 15:05:44,Resolved QFP,37.605437,15.959594
2020.07.12 15:31:57,2020.07.12 15:30:00,2020.07.12 15:31:57,Resolved QFP,37.603898,15.959897
2020.07.12 16:00:00,2020.07.12 14:00:00,,,,
2020.07.12 16:06:03,2020.07.12 16:00:00,2020.07.12 16:06:03,Resolved QFP,37.601383,15.958449
2020.07.12 16:30:04,2020.07.12 16:30:00,2020.07.12 16:30:04,Resolved QFP,37.60059,15.956042
2020.07.12 17:01:29,2020.07.12 17:00:00,2020.07.12 17:01:29,Resolved QFP,37.599316,15.952369
2020.07.12 17:44:15,2020.07.12 17:30:00,2020.07.12 17:44:15,Resolved QFP,37.597025,15.948776
2020.07.12 18:00:00,2020.07.12 16:00:00,,,,
2020.07.12 18:30:14,2020.07.12 18:30:00,2020.07.12 18:30:14,Resolved QFP,37.594433,15.943231
2020.07.12 18:30:24,2020.07.12 18:30:24,,,,
2020.07.12 19:00:07,2020.07.12 19:00:00,2020.07.12 19:00:07,Resolved QFP,37.595056,15.938946
2020.07.12 19:30:13,2020.07.12 19:30:00,2020.07.12 19:30:13,Resolved QFP,37.595939,15.934975
2020.07.12 20:00:00,2020.07.12 18:00:00,,,,
2020.07.12 20:00:37,2020.07.12 20:00:00,2020.07.12 20:00:37,Resolved QFP,37.595927,15.929989
2020.07.12 20:30:08,2020.07.12 20:30:00,2020.07.12 20:30:08,Resolved QFP,37.59521,15.925777
2020.07.12 21:00:06,2020.07.12 21:00:00,2020.07.12 21:00:06,Resolved QFP,37.594274,15.922728
2020.07.12 21:30:09,2020.07.12 21:30:00,2020.07.12 21:30:09,Resolved QFP,37.593216,15.918507
2020.07.12 22:00:00,2020.07.12 20:00:00,,,,
2020.07.12 22:00:10,2020.07.12 22:00:00,2020.07.12 22:00:10,Resolved QFP,37.591951,15.913751
2020.07.12 22:44:47,2020.07.12 22:30:00,2020.07.12 22:44:47,Resolved QFP,37.589381,15.907
2020.07.12 23:31:20,2020.07.12 23:30:00,2020.07.12 23:31:20,Resolved QFP,37.588733,15.898649
2020.07.12 23:39:57,2020.07.12 23:39:57,,,,
2020.07.13 00:00:00,2020.07.12 22:00:00,,,,
2020.07.13 00:00:00,2020.07.13 00:00:00,,,,
2020.07.13 00:00:07,2020.07.13 00:00:00,2020.07.13 00:00:07,Resolved QFP,37.589216,15.893404
2020.07.13 00:30:19,2020.07.13 00:30:00,2020.07.13 00:30:19,Resolved QFP,37.589438,15.888378
2020.07.13 01:32:09,2020.07.13 01:30:00,2020.07.13 01:32:09,Resolved QFP,37.588928,15.878182
2020.07.13 02:00:00,2020.07.13 00:00:00,,,,
2020.07.13 02:00:09,2020.07.13 02:00:00,2020.07.13 02:00:09,Resolved QFP,37.586674,15.874286
2020.07.13 02:35:38,2020.07.13 02:30:00,2020.07.13 02:35:38,Resolved QFP,37.587087,15.867962
2020.07.13 03:00:09,2020.07.13 03:00:00,2020.07.13 03:00:09,Resolved QFP,37.58849,15.863793
2020.07.13 04:00:00,2020.07.13 02:00:00,,,,
2020.07.13 04:40:12,2020.07.13 04:30:00,2020.07.13 04:40:12,Resolved QFP,37.588506,15.858817
2020.07.13 05:00:06,2020.07.13 05:00:00,2020.07.13 05:00:06,Resolved QFP,37.58988,15.854317
2020.07.13 05:04:35,2020.07.13 05:04:35,,,,
2020.07.13 05:30:05,2020.07.13 05:30:00,2020.07.13 05:30:05,Resolved QFP,37.592459,15.846757
2020.07.13 06:00:00,2020.07.13 04:00:00,,,,
2020.07.13 06:08:20,2020.07.13 06:00:00,2020.07.13 06:08:20,Resolved QFP,37.596491,15.838603
2020.07.13 06:42:43,2020.07.13 06:30:00,2020.07.13 06:42:43,Resolved QFP,37.599729,15.832262
2020.07.13 07:07:17,2020.07.13 07:00:00,2020.07.13 07:07:17,Unresolved QFP,37.61292,15.831654
2020.07.13 08:00:00,2020.07.13 06:00:00,,,,
2020.07.13 08:30:06,2020.07.13 08:30:00,2020.07.13 08:30:06,Resolved QFP,37.610596,15.821997
2020.07.13 09:30:05,2020.07.13 09:30:00,2020.07.13 09:30:05,Resolved QFP,37.616216,15.814721
2020.07.13 10:00:00,2020.07.13 08:00:00,,,,
2020.07.13 10:00:05,2020.07.13 10:00:00,2020.07.13 10:00:05,Resolved QFP,37.62051,15.810871
2020.07.13 10:41:13,2020.07.13 10:30:00,2020.07.13 10:41:13,Resolved QFP,37.626596,15.806032
2020.07.13 11:14:18,2020.07.13 11:00:00,2020.07.13 11:14:18,Resolved QFP,37.631074,15.805795
2020.07.13 11:14:38,2020.07.13 11:14:38,,,,
2020.07.13 11:30:08,2020.07.13 11:30:00,2020.07.13 11:30:08,Resolved QFP,37.633403,15.804426
2020.07.13 12:00:00,2020.07.13 10:00:00,,,,
2020.07.13 12:00:00,2020.07.13 12:00:00,,,,
2020.07.13 12:15:58,2020.07.13 12:00:00,2020.07.13 12:15:58,Unresolved QFP,37.639737,15.801835
2020.07.13 12:30:13,2020.07.13 12:30:00,2020.07.13 12:30:13,Resolved QFP,37.640007,15.801921
2020.07.13 13:08:04,2020.07.13 13:00:00,2020.07.13 13:08:04,Resolved QFP,37.642421,15.797636
2020.07.13 13:30:09,2020.07.13 13:30:00,2020.07.13 13:30:09,Resolved QFP,37.644478,15.792841
2020.07.13 14:00:00,2020.07.13 12:00:00,,,,
2020.07.13 14:00:07,2020.07.13 14:00:00,2020.07.13 14:00:07,Resolved QFP,37.64748,15.787683
2020.07.13 14:30:08,2020.07.13 14:30:00,2020.07.13 14:30:08,Resolved QFP,37.650426,15.782849
2020.07.13 15:19:28,2020.07.13 15:00:00,2020.07.13 15:19:28,Resolved QFP,37.653434,15.774108
2020.07.13 15:23:47,2020.07.13 15:23:47,,,,
2020.07.13 15:30:05,2020.07.13 15:30:00,2020.07.13 15:30:05,Resolved QFP,37.653949,15.772193
2020.07.13 16:00:00,2020.07.13 14:00:00,,,,
2020.07.13 16:00:08,2020.07.13 16:00:00,2020.07.13 16:00:08,Resolved QFP,37.655843,15.766975
2020.07.13 17:00:19,2020.07.13 17:00:00,2020.07.13 17:00:19,Resolved QFP,37.659506,15.759341
2020.07.13 18:00:00,2020.07.13 16:00:00,,,,
2020.07.13 19:30:07,2020.07.13 19:30:00,2020.07.13 19:30:07,Resolved QFP,37.692532,15.719527
2020.07.13 20:00:00,2020.07.13 18:00:00,,,,
2020.07.13 20:00:07,2020.07.13 20:00:00,2020.07.13 20:00:07,Resolved QFP,37.694511,15.712848
2020.07.13 20:53:32,2020.07.13 20:30:00,2020.07.13 20:53:32,Resolved QFP,37.697905,15.701547
2020.07.13 21:06:13,2020.07.13 21:00:00,2020.07.13 21:06:13,Resolved QFP,37.699441,15.699011
2020.07.13 21:36:17,2020.07.13 21:36:17,,,,
2020.07.13 22:00:00,2020.07.13 20:00:00,,,,
2020.07.13 22:12:52,2020.07.13 22:00:00,2020.07.13 22:12:52,Resolved QFP,37.705367,15.68732
2020.07.13 22:30:09,2020.07.13 22:30:00,2020.07.13 22:30:09,Resolved QFP,37.707533,15.684257
2020.07.13 23:00:07,2020.07.13 23:00:00,2020.07.13 23:00:07,Resolved QFP,37.710278,15.679187
2020.07.14 00:00:00,2020.07.13 22:00:00,,,,
2020.07.14 00:00:00,2020.07.14 00:00:00,,,,
2020.07.14 00:00:23,2020.07.14 00:00:00,2020.07.14 00:00:23,Resolved QFP,37.714662,15.668466
2020.07.14 00:30:07,2020.07.14 00:30:00,2020.07.14 00:30:07,Resolved QFP,37.716986,15.662819
2020.07.14 01:02:46,2020.07.14 01:00:00,2020.07.14 01:02:46,Resolved QFP,37.719501,15.660095
2020.07.14 01:39:08,2020.07.14 01:30:00,2020.07.14 01:39:08,Resolved QFP,37.721715,15.655019
2020.07.14 02:00:00,2020.07.14 00:00:00,,,,
2020.07.14 02:00:07,2020.07.14 02:00:00,2020.07.14 02:00:07,Resolved QFP,37.720824,15.652172
2020.07.14 02:39:52,2020.07.14 02:30:00,2020.07.14 02:39:52,Resolved QFP,37.720032,15.646144
2020.07.14 03:01:36,2020.07.14 03:00:00,2020.07.14 03:01:36,Resolved QFP,37.719226,15.642879
2020.07.14 03:05:30,2020.07.14 03:05:30,,,,
2020.07.14 03:30:08,2020.07.14 03:30:00,2020.07.14 03:30:08,Resolved QFP,37.719533,15.638527
2020.07.14 04:00:00,2020.07.14 02:00:00,,,,
2020.07.14 04:00:05,2020.07.14 04:00:00,2020.07.14 04:00:05,Resolved QFP,37.720257,15.634326
2020.07.14 05:00:04,2020.07.14 05:00:00,2020.07.14 05:00:04,Resolved QFP,37.724588,15.630342
2020.07.14 05:30:06,2020.07.14 05:30:00,2020.07.14 05:30:06,Resolved QFP,37.725622,15.625736
2020.07.14 06:00:00,2020.07.14 04:00:00,,,,
2020.07.14 06:45:01,2020.07.14 06:30:00,2020.07.14 06:45:01,Resolved QFP,37.725243,15.614157
2020.07.14 07:00:06,2020.07.14 07:00:00,2020.07.14 07:00:06,Resolved QFP,37.725402,15.61141
2020.07.14 07:00:17,2020.07.14 07:00:17,,,,
2020.07.14 07:30:05,2020.07.14 07:30:00,2020.07.14 07:30:05,Resolved QFP,37.725425,15.606492
2020.07.14 08:00:00,2020.07.14 06:00:00,,,,
2020.07.14 08:00:08,2020.07.14 08:00:00,2020.07.14 08:00:08,Resolved QFP,37.725611,15.599384
2020.07.14 08:30:15,2020.07.14 08:30:00,2020.07.14 08:30:15,Resolved QFP,37.72566,15.591718
2020.07.14 09:00:05,2020.07.14 09:00:00,2020.07.14 09:00:05,Resolved QFP,37.726748,15.584268
2020.07.14 09:30:04,2020.07.14 09:30:00,2020.07.14 09:30:04,Resolved QFP,37.728094,15.576235
2020.07.14 10:00:00,2020.07.14 08:00:00,,,,
2020.07.14 10:01:18,2020.07.14 10:00:00,2020.07.14 10:01:18,Resolved QFP,37.730866,15.569417
2020.07.14 10:30:08,2020.07.14 10:30:00,2020.07.14 10:30:08,Resolved QFP,37.733785,15.562809
2020.07.14 11:00:20,2020.07.14 11:00:00,2020.07.14 11:00:20,Resolved QFP,37.737798,15.555495
2020.07.14 11:30:09,2020.07.14 11:30:00,2020.07.14 11:30:09,Resolved QFP,37.741486,15.549702
2020.07.14 11:30:30,2020.07.14 11:30:30,,,,
2020.07.14 12:00:00,2020.07.14 10:00:00,,,,
2020.07.14 12:00:00,2020.07.14 12:00:00,,,,
2020.07.14 12:00:05,2020.07.14 12:00:00,2020.07.14 12:00:05,Resolved QFP,37.745201,15.544853
2020.07.14 12:30:10,2020.07.14 12:30:00,2020.07.14 12:30:10,Resolved QFP,37.748877,15.54085
2020.07.14 13:00:17,2020.07.14 13:00:00,2020.07.14 13:00:17,Resolved QFP,37.75232,15.537364
2020.07.14 13:30:07,2020.07.14 13:30:00,2020.07.14 13:30:07,Resolved QFP,37.755386,15.533031
2020.07.14 14:00:00,2020.07.14 12:00:00,,,,
2020.07.14 14:00:07,2020.07.14 14:00:00,2020.07.14 14:00:07,Resolved QFP,37.757605,15.530376
2020.07.14 16:00:00,2020.07.14 14:00:00,,,,
2020.07.14 18:00:00,2020.07.14 16:00:00,,,,
2020.07.14 20:00:00,2020.07.14 18:00:00,,,,
2020.07.14 20:31:51,2020.07.14 20:30:00,2020.07.14 20:31:51,Resolved QFP,37.841145,15.462302
2020.07.14 22:00:00,2020.07.14 20:00:00,,,,
2020.07.15 00:00:00,2020.07.14 22:00:00,,,,
2020.07.15 00:00:00,2020.07.15 00:00:00,,,,
2020.07.15 00:05:31,2020.07.15 00:00:00,2020.07.15 00:05:31,Resolved QFP,37.827331,15.505386
2020.07.15 00:36:01,2020.07.15 00:36:01,,,,
2020.07.15 00:36:11,2020.07.15 00:30:00,2020.07.15 00:36:11,Resolved QFP,37.824524,15.506524
2020.07.15 01:00:11,2020.07.15 01:00:00,2020.07.15 01:00:11,Resolved QFP,37.822879,15.506323
2020.07.15 02:00:00,2020.07.15 00:00:00,,,,
2020.07.15 04:00:00,2020.07.15 02:00:00,,,,
2020.07.15 04:36:59,2020.07.15 04:30:00,2020.07.15 04:36:59,Resolved QFP,37.799727,15.537171
2020.07.15 06:00:00,2020.07.15 04:00:00,,,,
2020.07.15 06:34:35,2020.07.15 06:30:00,2020.07.15 06:34:35,Resolved QFP,37.796154,15.561493
2020.07.15 07:03:43,2020.07.15 07:00:00,2020.07.15 07:03:43,Unresolved QFP,37.796235,15.567553
2020.07.15 07:31:19,2020.07.15 07:30:00,2020.07.15 07:31:19,Resolved QFP,37.798428,15.57238
2020.07.15 07:31:30,2020.07.15 07:31:30,,,,
2020.07.15 08:00:00,2020.07.15 06:00:00,,,,
2020.07.15 09:33:37,2020.07.15 09:30:00,2020.07.15 09:33:37,Resolved QFP,37.811263,15.599245
2020.07.15 10:00:00,2020.07.15 08:00:00,,,,
2020.07.15 10:30:13,2020.07.15 10:30:00,2020.07.15 10:30:13,Resolved QFP,37.821189,15.609216
2020.07.15 11:00:04,2020.07.15 11:00:00,2020.07.15 11:00:04,Resolved QFP,37.825284,15.611754
2020.07.15 12:00:00,2020.07.15 10:00:00,,,,
2020.07.15 12:00:00,2020.07.15 12:00:00,,,,
2020.07.15 13:00:05,2020.07.15 13:00:00,2020.07.15 13:00:05,Resolved QFP,37.838955,15.629493
2020.07.15 13:30:05,2020.07.15 13:30:00,2020.07.15 13:30:05,Resolved QFP,37.840394,15.631322
2020.07.15 14:00:00,2020.07.15 12:00:00,,,,
2020.07.15 14:00:06,2020.07.15 14:00:00,2020.07.15 14:00:06,Resolved QFP,37.842077,15.633212
2020.07.15 14:30:05,2020.07.15 14:30:00,2020.07.15 14:30:05,Resolved QFP,37.843077,15.635274
2020.07.15 14:30:17,2020.07.15 14:30:17,,,,
2020.07.15 16:00:00,2020.07.15 14:00:00,,,,
2020.07.15 17:30:04,2020.07.15 17:30:00,2020.07.15 17:30:04,Resolved QFP,37.859377,15.661258
2020.07.15 18:00:00,2020.07.15 16:00:00,,,,
2020.07.15 19:03:00,2020.07.15 19:00:00,2020.07.15 19:03:00,Resolved QFP (Uncertain),37.870721,15.664837
2020.07.15 19:30:07,2020.07.15 19:30:00,2020.07.15 19:30:07,Resolved QFP,37.871368,15.663084
2020.07.15 20:00:00,2020.07.15 18:00:00,,,,
2020.07.15 20:00:06,2020.07.15 20:00:00,2020.07.15 20:00:06,Resolved QFP,37.871616,15.659931
2020.07.15 21:00:13,2020.07.15 21:00:00,2020.07.15 21:00:13,Resolved QFP,37.870092,15.653879
2020.07.15 21:30:16,2020.07.15 21:30:00,2020.07.15 21:30:16,Resolved QFP,37.86845,15.648996
2020.07.15 22:00:00,2020.07.15 20:00:00,,,,
2020.07.15 22:00:08,2020.07.15 22:00:00,2020.07.15 22:00:08,Resolved QFP,37.866721,15.644168
2020.07.15 22:00:21,2020.07.15 22:00:21,,,,
2020.07.15 23:00:10,2020.07.15 23:00:00,2020.07.15 23:00:10,Resolved QFP,37.863451,15.632739
2020.07.15 23:30:06,2020.07.15 23:30:00,2020.07.15 23:30:06,Resolved QFP,37.862126,15.628344
2020.07.16 00:00:00,2020.07.15 22:00:00,,,,
2020.07.16 00:00:00,2020.07.16 00:00:00,,,,
2020.07.16 00:00:24,2020.07.16 00:00:00,2020.07.16 00:00:24,Resolved QFP,37.861034,15.62232
2020.07.16 00:30:08,2020.07.16 00:30:00,2020.07.16 00:30:08,Resolved QFP,37.859342,15.61701
2020.07.16 01:00:11,2020.07.16 01:00:00,2020.07.16 01:00:11,Resolved QFP,37.857574,15.609906
2020.07.16 02:00:00,2020.07.16 00:00:00,,,,
2020.07.16 02:00:24,2020.07.16 02:00:00,2020.07.16 02:00:24,Unresolved QFP,37.850257,15.596679
2020.07.16 02:30:24,2020.07.16 02:30:00,2020.07.16 02:30:24,Resolved QFP,37.848465,15.590452
2020.07.16 04:00:00,2020.07.16 02:00:00,,,,
2020.07.16 04:30:10,2020.07.16 04:30:00,2020.07.16 04:30:10,Resolved QFP,37.835771,15.582192
2020.07.16 06:00:00,2020.07.16 04:00:00,,,,
2020.07.16 08:00:00,2020.07.16 06:00:00,,,,
2020.07.16 09:00:05,2020.07.16 09:00:00,2020.07.16 09:00:05,Resolved QFP,37.830311,15.599787
2020.07.16 09:37:50,2020.07.16 09:30:00,2020.07.16 09:37:50,Resolved QFP,37.827965,15.601662
2020.07.16 10:00:00,2020.07.16 08:00:00,,,,
2020.07.16 10:03:45,2020.07.16 10:00:00,2020.07.16 10:03:45,Resolved QFP,37.826631,15.605426
2020.07.16 11:32:40,2020.07.16 11:30:00,2020.07.16 11:32:40,Resolved QFP (Uncertain),37.82773,15.621886
2020.07.16 12:00:00,2020.07.16 10:00:00,,,,
2020.07.16 12:00:00,2020.07.16 12:00:00,,,,
2020.07.16 14:00:00,2020.07.16 12:00:00,,,,
2020.07.16 16:00:00,2020.07.16 14:00:00,,,,
2020.07.16 18:00:00,2020.07.16 16:00:00,,,,
2020.07.16 20:00:00,2020.07.16 18:00:00,,,,
2020.07.16 22:00:00,2020.07.16 20:00:00,,,,
2020.07.17 00:00:00,2020.07.16 22:00:00,,,,
2020.07.17 00:00:00,2020.07.17 00:00:00,,,,
2020.07.17 00:30:27,2020.07.17 00:30:00,2020.07.17 00:30:27,Resolved QFP,37.904005,15.792113
2020.07.17 01:43:18,2020.07.17 01:30:00,2020.07.17 01:43:18,Resolved QFP,37.917452,15.795595
2020.07.17 02:00:00,2020.07.17 00:00:00,,,,
2020.07.17 02:02:50,2020.07.17 02:00:00,2020.07.17 02:02:50,Resolved QFP,37.917268,15.796327
2020.07.17 02:19:08,2020.07.17 02:19:08,,,,
2020.07.17 02:19:14,2020.07.17 02:19:14,,,,
2020.07.17 04:00:00,2020.07.17 02:00:00,,,,
2020.07.17 06:00:00,2020.07.17 04:00:00,,,,
2020.07.17 08:00:00,2020.07.17 06:00:00,,,,
2020.07.17 10:00:00,2020.07.17 08:00:00,,,,
2020.07.17 10:03:27,2020.07.17 10:00:00,2020.07.17 10:03:27,Unresolved QFP,37.813608,15.825513
2020.07.17 10:30:06,2020.07.17 10:30:00,2020.07.17 10:30:06,Resolved QFP,37.813862,15.82036
2020.07.17 11:30:11,2020.07.17 11:30:00,2020.07.17 11:30:11,Resolved QFP,37.815143,15.807103
2020.07.17 12:00:00,2020.07.17 10:00:00,,,,
2020.07.17 12:00:00,2020.07.17 12:00:00,,,,
2020.07.17 12:16:39,2020.07.17 12:00:00,2020.07.17 12:16:39,Resolved QFP,37.817947,15.797133
2020.07.17 12:30:13,2020.07.17 12:30:00,2020.07.17 12:30:13,Resolved QFP,37.818965,15.793888
2020.07.17 13:00:30,2020.07.17 13:00:00,2020.07.17 13:00:30,Resolved QFP (Uncertain),37.823239,15.787272
2020.07.17 14:00:00,2020.07.17 12:00:00,,,,
2020.07.17 14:34:16,2020.07.17 14:30:00,2020.07.17 14:34:16,Resolved QFP,37.848758,15.806371
2020.07.17 16:00:00,2020.07.17 14:00:00,,,,
2020.07.17 18:00:00,2020.07.17 16:00:00,,,,
2020.07.17 18:03:11,2020.07.17 18:00:00,2020.07.17 18:03:11,Resolved QFP,37.882457,15.868616
2020.07.17 19:19:27,2020.07.17 19:19:27,,,,
2020.07.17 20:00:00,2020.07.17 18:00:00,,,,
2020.07.17 22:00:00,2020.07.17 20:00:00,,,,
2020.07.17 22:06:20,2020.07.17 22:00:00,2020.07.17 22:06:20,Resolved QFP,37.916219,15.941551
2020.07.17 22:30:20,2020.07.17 22:30:00,2020.07.17 22:30:20,Resolved QFP,37.913817,15.949036
2020.07.17 23:07:36,2020.07.17 23:00:00,2020.07.17 23:07:36,Resolved QFP,37.91241,15.960124
2020.07.17 23:31:14,2020.07.17 23:30:00,2020.07.17 23:31:14,Resolved QFP,37.912441,15.966732
2020.07.18 00:00:00,2020.07.17 22:00:00,,,,
2020.07.18 00:00:00,2020.07.18 00:00:00,,,,
2020.07.18 00:32:36,2020.07.18 00:32:36,,,,
2020.07.18 00:32:50,2020.07.18 00:30:00,2020.07.18 00:32:50,Resolved QFP,37.913196,15.9786
2020.07.18 01:17:02,2020.07.18 01:00:00,2020.07.18 01:17:02,Resolved QFP,37.911662,15.983491
2020.07.18 01:55:10,2020.07.18 01:30:00,2020.07.18 01:55:10,Resolved QFP,37.911324,15.984648
2020.07.18 02:00:00,2020.07.18 00:00:00,,,,
2020.07.18 02:30:48,2020.07.18 02:30:00,2020.07.18 02:30:48,Resolved QFP (Uncertain),37.911413,15.98561
2020.07.18 03:09:44,2020.07.18 03:00:00,2020.07.18 03:09:44,Resolved QFP,37.911396,15.986086
2020.07.18 04:00:00,2020.07.18 02:00:00,,,,
2020.07.18 06:00:00,2020.07.18 04:00:00,,,,
2020.07.18 08:00:00,2020.07.18 06:00:00,,,,
2020.07.18 08:45:11,2020.07.18 08:45:11,,,,
2020.07.18 08:45:38,2020.07.18 08:30:00,2020.07.18 08:45:38,Resolved QFP,37.918461,16.044437
2020.07.18 09:08:28,2020.07.18 09:00:00,2020.07.18 09:08:28,Resolved QFP,37.918669,16.045706
2020.07.18 09:32:24,2020.07.18 09:30:00,2020.07.18 09:32:24,Resolved QFP,37.918689,16.045749
2020.07.18 10:00:00,2020.07.18 08:00:00,,,,
2020.07.18 11:43:21,2020.07.18 11:30:00,2020.07.18 11:43:21,Resolved QFP,37.92319,16.065143
2020.07.18 12:00:00,2020.07.18 10:00:00,,,,
2020.07.18 12:00:00,2020.07.18 12:00:00,,,,
2020.07.18 12:02:54,2020.07.18 12:00:00,2020.07.18 12:02:54,Resolved QFP,37.923257,16.065453
2020.07.18 14:00:00,2020.07.18 12:00:00,,,,
2020.07.18 14:18:47,2020.07.18 14:00:00,2020.07.18 14:18:47,Resolved QFP,37.926511,16.071664
2020.07.18 14:40:34,2020.07.18 14:40:34,,,,
2020.07.18 14:40:57,2020.07.18 14:30:00,2020.07.18 14:40:57,Resolved QFP,37.926467,16.071484
2020.07.18 15:51:10,2020.07.18 15:30:00,2020.07.18 15:51:10,Resolved QFP,37.926554,16.071496
2020.07.18 16:00:00,2020.07.18 14:00:00,,,,
2020.07.18 16:17:47,2020.07.18 16:00:00,2020.07.18 16:17:47,Resolved QFP,37.926637,16.071537
2020.07.18 16:41:15,2020.07.18 16:30:00,2020.07.18 16:41:15,Resolved QFP,37.926505,16.071469
2020.07.18 17:06:43,2020.07.18 17:00:00,2020.07.18 17:06:43,Resolved QFP,37.926549,16.071404
2020.07.18 17:30:32,2020.07.18 17:30:00,2020.07.18 17:30:32,Resolved QFP,37.926441,16.071735
2020.07.18 18:00:00,2020.07.18 16:00:00,,,,
2020.07.18 18:45:50,2020.07.18 18:30:00,2020.07.18 18:45:50,Resolved QFP,37.926577,16.071601
2020.07.18 18:46:03,2020.07.18 18:46:03,,,,
2020.07.18 19:05:10,2020.07.18 19:00:00,2020.07.18 19:05:10,Resolved QFP (Uncertain),37.926544,16.071537
2020.07.18 19:32:29,2020.07.18 19:30:00,2020.07.18 19:32:29,Resolved QFP,37.926431,16.071453
2020.07.18 20:00:00,2020.07.18 18:00:00,,,,
2020.07.18 22:00:00,2020.07.18 20:00:00,,,,
2020.07.18 22:10:17,2020.07.18 22:00:00,2020.07.18 22:10:17,Resolved QFP,37.926947,16.067502
2020.07.18 22:34:08,2020.07.18 22:30:00,2020.07.18 22:34:08,Resolved QFP,37.925617,16.067735
2020.07.19 00:00:00,2020.07.18 22:00:00,,,,
2020.07.19 00:00:00,2020.07.19 00:00:00,,,,
2020.07.19 01:38:05,2020.07.19 01:30:00,2020.07.19 01:38:05,Resolved QFP,37.925868,16.06728
2020.07.19 02:00:00,2020.07.19 00:00:00,,,,
2020.07.19 02:06:57,2020.07.19 02:00:00,2020.07.19 02:06:57,Resolved QFP,37.924584,16.066981
2020.07.19 02:42:17,2020.07.19 02:30:00,2020.07.19 02:42:17,Resolved QFP,37.923941,16.066674
2020.07.19 02:42:27,2020.07.19 02:42:27,,,,
2020.07.19 03:04:44,2020.07.19 03:00:00,2020.07.19 03:04:44,Resolved QFP,37.923582,16.066256
2020.07.19 04:00:00,2020.07.19 02:00:00,,,,
2020.07.19 05:03:45,2020.07.19 05:00:00,2020.07.19 05:03:45,Resolved QFP,37.923056,16.064782
2020.07.19 05:30:43,2020.07.19 05:30:00,2020.07.19 05:30:43,Resolved QFP,37.922596,16.065019
2020.07.19 06:00:00,2020.07.19 04:00:00,,,,
2020.07.19 06:08:52,2020.07.19 06:00:00,2020.07.19 06:08:52,Resolved QFP,37.922925,16.065385
2020.07.19 06:31:11,2020.07.19 06:30:00,2020.07.19 06:31:11,Resolved QFP,37.922656,16.065074
2020.07.19 07:00:44,2020.07.19 07:00:00,2020.07.19 07:00:44,Resolved QFP,37.922542,16.065203
2020.07.19 07:52:28,2020.07.19 07:30:00,2020.07.19 07:52:28,Resolved QFP,37.922499,16.065317
2020.07.19 08:00:00,2020.07.19 06:00:00,,,,
2020.07.19 08:21:22,2020.07.19 08:00:00,2020.07.19 08:21:22,Resolved QFP,37.922286,16.065269
2020.07.19 08:54:41,2020.07.19 08:30:00,2020.07.19 08:54:41,Resolved QFP,37.922433,16.065318
2020.07.19 08:54:51,2020.07.19 08:54:51,,,,
2020.07.19 09:20:23,2020.07.19 09:00:00,2020.07.19 09:20:23,Resolved QFP,37.922498,16.065407
2020.07.19 09:49:21,2020.07.19 09:30:00,2020.07.19 09:49:21,Resolved QFP,37.922233,16.064847
2020.07.19 10:00:00,2020.07.19 08:00:00,,,,
2020.07.19 10:00:11,2020.07.19 10:00:00,2020.07.19 10:00:11,Resolved QFP,37.923047,16.06655
2020.07.19 10:32:59,2020.07.19 10:30:00,2020.07.19 10:32:59,Resolved QFP,37.922942,16.066583
2020.07.19 11:33:12,2020.07.19 11:30:00,2020.07.19 11:33:12,Resolved QFP (Uncertain),37.922534,16.0662
2020.07.19 12:00:00,2020.07.19 10:00:00,,,,
2020.07.19 12:00:00,2020.07.19 12:00:00,,,,
2020.07.19 12:08:29,2020.07.19 12:00:00,2020.07.19 12:08:29,Resolved QFP,37.92226,16.066233
2020.07.19 12:36:39,2020.07.19 12:30:00,2020.07.19 12:36:39,Resolved QFP,37.922102,16.066094
2020.07.19 12:36:51,2020.07.19 12:36:51,,,,
2020.07.19 13:06:20,2020.07.19 13:00:00,2020.07.19 13:06:20,Resolved QFP,37.921934,16.065759
2020.07.19 13:30:18,2020.07.19 13:30:00,2020.07.19 13:30:18,Resolved QFP,37.921736,16.065669
2020.07.19 14:00:00,2020.07.19 12:00:00,,,,
2020.07.19 14:00:43,2020.07.19 14:00:00,2020.07.19 14:00:43,Resolved QFP (Uncertain),37.921644,16.065719
2020.07.19 14:30:52,2020.07.19 14:30:00,2020.07.19 14:30:52,Resolved QFP,37.921494,16.065921
2020.07.19 15:00:06,2020.07.19 15:00:00,2020.07.19 15:00:06,Resolved QFP,37.92135,16.065599
2020.07.19 15:32:02,2020.07.19 15:30:00,2020.07.19 15:32:02,Resolved QFP,37.921419,16.065861
2020.07.19 16:00:00,2020.07.19 14:00:00,,,,
2020.07.19 16:02:52,2020.07.19 16:00:00,2020.07.19 16:02:52,Resolved QFP,37.921379,16.065846
2020.07.19 16:03:03,2020.07.19 16:03:03,,,,
2020.07.19 16:37:42,2020.07.19 16:30:00,2020.07.19 16:37:42,Resolved QFP,37.921385,16.065932
2020.07.19 17:18:23,2020.07.19 17:00:00,2020.07.19 17:18:23,Resolved QFP,37.92197,16.066741
2020.07.19 17:46:37,2020.07.19 17:30:00,2020.07.19 17:46:37,Resolved QFP,37.9216,16.066418
2020.07.19 18:00:00,2020.07.19 16:00:00,,,,
2020.07.19 18:13:59,2020.07.19 18:00:00,2020.07.19 18:13:59,Resolved QFP (Uncertain),37.921291,16.065967
2020.07.19 18:44:25,2020.07.19 18:30:00,2020.07.19 18:44:25,Resolved QFP,37.921558,16.065757
2020.07.19 19:04:21,2020.07.19 19:00:00,2020.07.19 19:04:21,Resolved QFP,37.922722,16.067318
2020.07.19 20:00:00,2020.07.19 18:00:00,,,,
2020.07.19 20:12:41,2020.07.19 20:00:00,2020.07.19 20:12:41,Resolved QFP,37.922928,16.063552
2020.07.19 20:36:17,2020.07.19 20:30:00,2020.07.19 20:36:17,Resolved QFP,37.922824,16.063485
2020.07.19 21:26:23,2020.07.19 21:00:00,2020.07.19 21:26:23,Unresolved QFP,37.923137,16.062725
2020.07.19 21:49:31,2020.07.19 21:30:00,2020.07.19 21:49:31,Resolved QFP,37.922333,16.063789
2020.07.19 21:49:39,2020.07.19 21:49:39,,,,
2020.07.19 22:00:00,2020.07.19 20:00:00,,,,
2020.07.19 22:16:30,2020.07.19 22:00:00,2020.07.19 22:16:30,Resolved QFP,37.92236,16.064112
2020.07.19 22:38:37,2020.07.19 22:30:00,2020.07.19 22:38:37,Resolved QFP,37.921828,16.063819
2020.07.19 23:55:48,2020.07.19 23:30:00,2020.07.19 23:55:48,Resolved QFP,37.923157,16.064886
2020.07.20 00:00:00,2020.07.19 22:00:00,,,,
2020.07.20 00:00:00,2020.07.20 00:00:00,,,,
2020.07.20 00:33:30,2020.07.20 00:30:00,2020.07.20 00:33:30,Resolved QFP,37.92275,16.065633
2020.07.20 01:04:01,2020.07.20 01:00:00,2020.07.20 01:04:01,Resolved QFP,37.922747,16.065737
2020.07.20 01:56:34,2020.07.20 01:30:00,2020.07.20 01:56:34,Resolved QFP,37.921921,16.065606
2020.07.20 02:00:00,2020.07.20 00:00:00,,,,
2020.07.20 02:26:21,2020.07.20 02:00:00,2020.07.20 02:26:21,Resolved QFP,37.921899,16.065587
2020.07.20 02:53:19,2020.07.20 02:30:00,2020.07.20 02:53:19,Resolved QFP,37.921791,16.065597
2020.07.20 03:15:06,2020.07.20 03:15:06,,,,
2020.07.20 03:49:23,2020.07.20 03:30:00,2020.07.20 03:49:23,Resolved QFP,37.921243,16.065908
2020.07.20 04:00:00,2020.07.20 02:00:00,,,,
2020.07.20 04:18:35,2020.07.20 04:00:00,2020.07.20 04:18:35,Resolved QFP,37.920958,16.066116
2020.07.20 04:30:21,2020.07.20 04:30:00,2020.07.20 04:30:21,Resolved QFP,37.921662,16.066778
2020.07.20 05:05:48,2020.07.20 05:00:00,2020.07.20 05:05:48,Resolved QFP,37.921549,16.067336
2020.07.20 05:45:02,2020.07.20 05:30:00,2020.07.20 05:45:02,Resolved QFP,37.921183,16.067174
2020.07.20 06:00:00,2020.07.20 04:00:00,,,,
2020.07.20 06:21:47,2020.07.20 06:00:00,2020.07.20 06:21:47,Resolved QFP,37.920826,16.066567
2020.07.20 06:58:18,2020.07.20 06:30:00,2020.07.20 06:58:18,Resolved QFP,37.920746,16.066064
2020.07.20 07:25:27,2020.07.20 07:00:00,2020.07.20 07:25:27,Resolved QFP,37.920756,16.066371
2020.07.20 07:56:34,2020.07.20 07:30:00,2020.07.20 07:56:34,Resolved QFP,37.920886,16.066421
2020.07.20 07:56:44,2020.07.20 07:56:44,,,,
2020.07.20 08:00:00,2020.07.20 06:00:00,,,,
2020.07.20 08:27:59,2020.07.20 08:00:00,2020.07.20 08:27:59,Resolved QFP,37.920543,16.06622
2020.07.20 09:02:46,2020.07.20 09:00:00,2020.07.20 09:02:46,Resolved QFP,37.920663,16.066542
2020.07.20 09:46:13,2020.07.20 09:30:00,2020.07.20 09:46:13,Resolved QFP,37.920892,16.066532
2020.07.20 10:00:00,2020.07.20 08:00:00,,,,
2020.07.20 10:21:25,2020.07.20 10:00:00,2020.07.20 10:21:25,Resolved QFP,37.920948,16.066453
2020.07.20 10:57:35,2020.07.20 10:30:00,2020.07.20 10:57:35,Resolved QFP,37.920683,16.066763
2020.07.20 11:00:08,2020.07.20 11:00:00,2020.07.20 11:00:08,Resolved QFP,37.920473,16.066677
2020.07.20 11:36:43,2020.07.20 11:30:00,2020.07.20 11:36:43,Resolved QFP,37.921191,16.067036
2020.07.20 12:00:00,2020.07.20 10:00:00,,,,
2020.07.20 12:00:00,2020.07.20 12:00:00,,,,
2020.07.20 12:09:51,2020.07.20 12:00:00,2020.07.20 12:09:51,Resolved QFP,37.921424,16.067057
2020.07.20 12:10:04,2020.07.20 12:10:04,,,,
2020.07.20 12:34:34,2020.07.20 12:30:00,2020.07.20 12:34:34,Resolved QFP,37.922344,16.066253
2020.07.20 13:20:32,2020.07.20 13:00:00,2020.07.20 13:20:32,Resolved QFP,37.922779,16.06624
2020.07.20 13:50:16,2020.07.20 13:30:00,2020.07.20 13:50:16,Resolved QFP (Uncertain),37.922701,16.066315
2020.07.20 14:00:00,2020.07.20 12:00:00,,,,
2020.07.20 14:17:54,2020.07.20 14:00:00,2020.07.20 14:17:54,Resolved QFP,37.922594,16.066441
2020.07.20 14:50:05,2020.07.20 14:30:00,2020.07.20 14:50:05,Resolved QFP,37.922648,16.066295
2020.07.20 15:15:56,2020.07.20 15:00:00,2020.07.20 15:15:56,Resolved QFP,37.922628,16.066613
2020.07.20 16:00:00,2020.07.20 14:00:00,,,,
2020.07.20 17:50:17,2020.07.20 17:30:00,2020.07.20 17:50:17,Resolved QFP,37.938397,16.086302
2020.07.20 18:00:00,2020.07.20 16:00:00,,,,
2020.07.20 18:00:11,2020.07.20 18:00:00,2020.07.20 18:00:11,Resolved QFP,37.939425,16.087243
2020.07.20 18:00:21,2020.07.20 18:00:21,,,,
2020.07.20 20:00:00,2020.07.20 18:00:00,,,,
2020.07.20 20:43:15,2020.07.20 20:30:00,2020.07.20 20:43:15,Resolved QFP (Uncertain),37.94929,16.091003
2020.07.20 21:30:24,2020.07.20 21:30:00,2020.07.20 21:30:24,Resolved QFP,37.946179,16.085928
2020.07.20 22:00:00,2020.07.20 20:00:00,,,,
2020.07.20 22:00:08,2020.07.20 22:00:00,2020.07.20 22:00:08,Resolved QFP,37.943663,16.084006
2020.07.20 22:30:09,2020.07.20 22:30:00,2020.07.20 22:30:09,Resolved QFP,37.94374,16.084015
2020.07.21 00:00:00,2020.07.20 22:00:00,,,,
2020.07.21 00:00:00,2020.07.21 00:00:00,,,,
2020.07.21 01:00:06,2020.07.21 01:00:00,2020.07.21 01:00:06,Resolved QFP,37.943327,16.083561
2020.07.21 01:30:07,2020.07.21 01:30:00,2020.07.21 01:30:07,Resolved QFP,37.943251,16.083457
2020.07.21 02:00:00,2020.07.21 00:00:00,,,,
2020.07.21 03:38:55,2020.07.21 03:30:00,2020.07.21 03:38:55,Resolved QFP,37.93858,16.086559
2020.07.21 04:00:00,2020.07.21 02:00:00,,,,
2020.07.21 04:01:11,2020.07.21 04:00:00,2020.07.21 04:01:11,Resolved QFP,37.938775,16.086915
2020.07.21 04:30:38,2020.07.21 04:30:00,2020.07.21 04:30:38,Resolved QFP,37.938221,16.08732
2020.07.21 05:26:15,2020.07.21 05:26:15,,,,
2020.07.21 05:26:24,2020.07.21 05:00:00,2020.07.21 05:26:24,Resolved QFP,37.938078,16.086904
2020.07.21 05:54:40,2020.07.21 05:30:00,2020.07.21 05:54:40,Resolved QFP,37.938325,16.08703
2020.07.21 06:00:00,2020.07.21 04:00:00,,,,
2020.07.21 06:23:11,2020.07.21 06:00:00,2020.07.21 06:23:11,Resolved QFP,37.938181,16.086923
2020.07.21 06:48:47,2020.07.21 06:30:00,2020.07.21 06:48:47,Resolved QFP,37.938111,16.086886
2020.07.21 07:17:57,2020.07.21 07:00:00,2020.07.21 07:17:57,Resolved QFP,37.938319,16.087072
2020.07.21 07:40:50,2020.07.21 07:30:00,2020.07.21 07:40:50,Resolved QFP,37.938228,16.087012
2020.07.21 08:00:00,2020.07.21 06:00:00,,,,
2020.07.21 08:04:32,2020.07.21 08:00:00,2020.07.21 08:04:32,Resolved QFP,37.938462,16.08686
2020.07.21 08:55:37,2020.07.21 08:30:00,2020.07.21 08:55:37,Resolved QFP,37.938194,16.087095
2020.07.21 09:27:30,2020.07.21 09:00:00,2020.07.21 09:27:30,Resolved QFP,37.938227,16.08705
2020.07.21 09:27:43,2020.07.21 09:27:43,,,,
2020.07.21 10:00:00,2020.07.21 08:00:00,,,,
2020.07.21 10:01:53,2020.07.21 10:00:00,2020.07.21 10:01:53,Resolved QFP,37.93859,16.087584
2020.07.21 10:41:47,2020.07.21 10:30:00,2020.07.21 10:41:47,Resolved QFP,37.938736,16.087713
2020.07.21 11:13:47,2020.07.21 11:00:00,2020.07.21 11:13:47,Resolved QFP,37.93875,16.087545
2020.07.21 11:47:17,2020.07.21 11:30:00,2020.07.21 11:47:17,Resolved QFP,37.938818,16.088045
2020.07.21 12:00:00,2020.07.21 10:00:00,,,,
2020.07.21 12:00:00,2020.07.21 12:00:00,,,,
2020.07.21 12:16:15,2020.07.21 12:00:00,2020.07.21 12:16:15,Resolved QFP,37.939319,16.088753
2020.07.21 12:48:44,2020.07.21 12:30:00,2020.07.21 12:48:44,Resolved QFP,37.939573,16.089667
2020.07.21 13:39:49,2020.07.21 13:30:00,2020.07.21 13:39:49,Unresolved QFP,37.94732,16.092497
2020.07.21 14:00:00,2020.07.21 12:00:00,,,,
2020.07.21 14:41:00,2020.07.21 14:30:00,2020.07.21 14:41:00,Resolved QFP,37.953348,16.099847
2020.07.21 14:41:16,2020.07.21 14:41:16,,,,
2020.07.21 15:03:01,2020.07.21 15:00:00,2020.07.21 15:03:01,Resolved QFP,37.953372,16.099763
2020.07.21 15:31:17,2020.07.21 15:30:00,2020.07.21 15:31:17,Resolved QFP (Uncertain),37.954183,16.100941
2020.07.21 16:00:00,2020.07.21 14:00:00,,,,
2020.07.21 18:00:00,2020.07.21 16:00:00,,,,
2020.07.21 18:40:50,2020.07.21 18:30:00,2020.07.21 18:40:50,Resolved QFP,37.955048,16.100727
2020.07.21 19:04:49,2020.07.21 19:00:00,2020.07.21 19:04:49,Unresolved QFP,37.958375,16.099316
2020.07.21 19:31:54,2020.07.21 19:30:00,2020.07.21 19:31:54,Unresolved QFP,37.953632,16.096133
2020.07.21 20:00:00,2020.07.21 18:00:00,,,,
2020.07.21 20:02:47,2020.07.21 20:00:00,2020.07.21 20:02:47,Resolved QFP,37.95351,16.093649
2020.07.21 20:30:07,2020.07.21 20:30:00,2020.07.21 20:30:07,Resolved QFP,37.953524,16.093513
2020.07.21 20:30:18,2020.07.21 20:30:18,,,,
2020.07.21 21:00:05,2020.07.21 21:00:00,2020.07.21 21:00:05,Resolved QFP,37.953546,16.093463
2020.07.21 21:30:06,2020.07.21 21:30:00,2020.07.21 21:30:06,Resolved QFP,37.953581,16.093446
2020.07.21 22:00:00,2020.07.21 20:00:00,,,,
2020.07.21 22:31:18,2020.07.21 22:30:00,2020.07.21 22:31:18,Resolved QFP,37.95093,16.091234
2020.07.21 23:00:07,2020.07.21 23:00:00,2020.07.21 23:00:07,Resolved QFP,37.951013,16.091171
2020.07.21 23:30:07,2020.07.21 23:30:00,2020.07.21 23:30:07,Resolved QFP,37.951056,16.09121
2020.07.22 00:00:00,2020.07.21 22:00:00,,,,
2020.07.22 00:00:00,2020.07.22 00:00:00,,,,
2020.07.22 00:01:25,2020.07.22 00:00:00,2020.07.22 00:01:25,Unresolved QFP,37.949033,16.087884
2020.07.22 00:30:08,2020.07.22 00:30:00,2020.07.22 00:30:08,Resolved QFP,37.947225,16.087997
2020.07.22 01:31:07,2020.07.22 01:30:00,2020.07.22 01:31:07,Resolved QFP (Uncertain),37.947684,16.08961
2020.07.22 02:00:00,2020.07.22 00:00:00,,,,
2020.07.22 02:17:30,2020.07.22 02:00:00,2020.07.22 02:17:30,Resolved QFP,37.946853,16.088709
2020.07.22 02:30:16,2020.07.22 02:30:00,2020.07.22 02:30:16,Resolved QFP,37.946895,16.089037
2020.07.22 04:00:00,2020.07.22 02:00:00,,,,
2020.07.22 04:49:30,2020.07.22 04:30:00,2020.07.22 04:49:30,Resolved QFP,37.946333,16.092387
2020.07.22 05:10:39,2020.07.22 05:00:00,2020.07.22 05:10:39,Resolved QFP,37.947055,16.092299
2020.07.22 05:32:12,2020.07.22 05:30:00,2020.07.22 05:32:12,Resolved QFP,37.946405,16.092405
2020.07.22 05:59:27,2020.07.22 05:59:27,,,,
2020.07.22 06:00:00,2020.07.22 04:00:00,,,,
2020.07.22 06:01:10,2020.07.22 06:00:00,2020.07.22 06:01:10,Resolved QFP,37.946445,16.092648
2020.07.22 06:38:04,2020.07.22 06:30:00,2020.07.22 06:38:04,Resolved QFP,37.94848,16.093942
2020.07.22 07:15:38,2020.07.22 07:00:00,2020.07.22 07:15:38,Resolved QFP,37.94797,16.094548
2020.07.22 07:39:09,2020.07.22 07:30:00,2020.07.22 07:39:09,Resolved QFP,37.948205,16.09475
2020.07.22 07:39:19,2020.07.22 07:39:19,,,,
2020.07.22 08:00:00,2020.07.22 06:00:00,,,,
2020.07.22 08:25:56,2020.07.22 08:00:00,2020.07.22 08:25:56,Resolved QFP,37.950104,16.096502
2020.07.22 08:50:29,2020.07.22 08:30:00,2020.07.22 08:50:29,Resolved QFP,37.950288,16.09714
2020.07.22 09:19:38,2020.07.22 09:00:00,2020.07.22 09:19:38,Unresolved QFP,37.95108,16.097366
2020.07.22 09:48:55,2020.07.22 09:30:00,2020.07.22 09:48:55,Resolved QFP,37.951761,16.098067
2020.07.22 10:00:00,2020.07.22 08:00:00,,,,
2020.07.22 10:28:34,2020.07.22 10:00:00,2020.07.22 10:28:34,Resolved QFP,37.952758,16.10032
2020.07.22 10:53:54,2020.07.22 10:30:00,2020.07.22 10:53:54,Resolved QFP,37.952913,16.100689
2020.07.22 11:25:13,2020.07.22 11:00:00,2020.07.22 11:25:13,Resolved QFP,37.953032,16.101022
2020.07.22 11:54:06,2020.07.22 11:30:00,2020.07.22 11:54:06,Resolved QFP,37.953389,16.101526
2020.07.22 12:00:00,2020.07.22 10:00:00,,,,
2020.07.22 12:00:00,2020.07.22 12:00:00,,,,
2020.07.22 12:22:33,2020.07.22 12:00:00,2020.07.22 12:22:33,Resolved QFP,37.953812,16.101879
2020.07.22 12:22:41,2020.07.22 12:22:41,,,,
2020.07.22 12:51:49,2020.07.22 12:30:00,2020.07.22 12:51:49,Resolved QFP,37.954317,16.102338
2020.07.22 13:28:54,2020.07.22 13:00:00,2020.07.22 13:28:54,Resolved QFP,37.954962,16.102114
2020.07.22 13:30:06,2020.07.22 13:30:00,2020.07.22 13:30:06,Resolved QFP,37.955167,16.102267
2020.07.22 14:00:00,2020.07.22 12:00:00,,,,
2020.07.22 14:21:34,2020.07.22 14:00:00,2020.07.22 14:21:34,Resolved QFP,37.955565,16.101627
2020.07.22 14:52:15,2020.07.22 14:30:00,2020.07.22 14:52:15,Resolved QFP,37.955126,16.101289
2020.07.22 15:31:14,2020.07.22 15:30:00,2020.07.22 15:31:14,Resolved QFP,37.954112,16.100546
2020.07.22 16:00:00,2020.07.22 14:00:00,,,,
2020.07.22 16:32:21,2020.07.22 16:30:00,2020.07.22 16:32:21,Resolved QFP,37.953324,16.100276
2020.07.22 17:19:06,2020.07.22 17:00:00,2020.07.22 17:19:06,Resolved QFP,37.953534,16.100398
2020.07.22 17:30:08,2020.07.22 17:30:00,2020.07.22 17:30:08,Resolved QFP,37.952728,16.099737
2020.07.22 18:00:00,2020.07.22 16:00:00,,,,
2020.07.22 18:01:38,2020.07.22 18:00:00,2020.07.22 18:01:38,Resolved QFP,37.950674,16.095483
2020.07.22 18:34:11,2020.07.22 18:30:00,2020.07.22 18:34:11,Unresolved QFP,37.951121,16.094583
2020.07.22 19:30:06,2020.07.22 19:30:00,2020.07.22 19:30:06,Resolved QFP,37.94711,16.087768
2020.07.22 20:00:00,2020.07.22 18:00:00,,,,
2020.07.22 20:03:46,2020.07.22 20:00:00,2020.07.22 20:03:46,Resolved QFP,37.943849,16.083628
2020.07.22 20:30:07,2020.07.22 20:30:00,2020.07.22 20:30:07,Resolved QFP,37.94219,16.082175
2020.07.22 21:00:08,2020.07.22 21:00:00,2020.07.22 21:00:08,Resolved QFP,37.942096,16.082041
2020.07.22 21:30:09,2020.07.22 21:30:00,2020.07.22 21:30:09,Resolved QFP,37.939443,16.079579
2020.07.22 22:00:00,2020.07.22 20:00:00,,,,
2020.07.22 22:00:08,2020.07.22 22:00:00,2020.07.22 22:00:08,Resolved QFP,37.939429,16.079515
2020.07.22 22:30:08,2020.07.22 22:30:00,2020.07.22 22:30:08,Resolved QFP,37.939445,16.079468
2020.07.22 23:00:09,2020.07.22 23:00:00,2020.07.22 23:00:09,Resolved QFP,37.939511,16.079449
2020.07.22 23:30:08,2020.07.22 23:30:00,2020.07.22 23:30:08,Resolved QFP,37.939495,16.07955
2020.07.23 00:00:00,2020.07.22 22:00:00,,,,
2020.07.23 00:00:00,2020.07.23 00:00:00,,,,
2020.07.23 00:01:33,2020.07.23 00:00:00,2020.07.23 00:01:33,Resolved QFP,37.938486,16.081251
2020.07.23 00:24:36,2020.07.23 00:24:36,,,,
2020.07.23 00:24:43,2020.07.23 00:24:43,,,,
2020.07.23 00:32:46,2020.07.23 00:30:00,2020.07.23 00:32:46,Resolved QFP,37.93855,16.08206
2020.07.23 01:03:14,2020.07.23 01:00:00,2020.07.23 01:03:14,Resolved QFP,37.939373,16.079542
2020.07.23 01:30:06,2020.07.23 01:30:00,2020.07.23 01:30:06,Resolved QFP,37.939379,16.07945
2020.07.23 02:00:00,2020.07.23 00:00:00,,,,
2020.07.23 02:00:19,2020.07.23 02:00:00,2020.07.23 02:00:19,Resolved QFP,37.938781,16.081448
2020.07.23 03:01:36,2020.07.23 03:00:00,2020.07.23 03:01:36,Resolved QFP,37.944305,16.089543
2020.07.23 03:30:16,2020.07.23 03:30:00,2020.07.23 03:30:16,Resolved QFP,37.946287,16.091336
2020.07.23 04:00:00,2020.07.23 02:00:00,,,,
2020.07.23 04:17:57,2020.07.23 04:00:00,2020.07.23 04:17:57,Resolved QFP,37.946717,16.094123
2020.07.23 04:38:20,2020.07.23 04:38:20,,,,
2020.07.23 04:38:29,2020.07.23 04:30:00,2020.07.23 04:38:29,Resolved QFP,37.946659,16.094443
2020.07.23 05:02:22,2020.07.23 05:00:00,2020.07.23 05:02:22,Resolved QFP,37.946604,16.094578
2020.07.23 05:50:54,2020.07.23 05:30:00,2020.07.23 05:50:54,Resolved QFP,37.947183,16.096141
2020.07.23 06:00:00,2020.07.23 04:00:00,,,,
2020.07.23 06:19:15,2020.07.23 06:00:00,2020.07.23 06:19:15,Resolved QFP,37.947033,16.095718
2020.07.23 06:46:33,2020.07.23 06:30:00,2020.07.23 06:46:33,Resolved QFP,37.947263,16.096255
2020.07.23 07:09:54,2020.07.23 07:00:00,2020.07.23 07:09:54,Resolved QFP,37.947524,16.096639
2020.07.23 07:40:43,2020.07.23 07:30:00,2020.07.23 07:40:43,Resolved QFP,37.947579,16.097147
2020.07.23 07:40:53,2020.07.23 07:40:53,,,,
2020.07.23 08:00:00,2020.07.23 06:00:00,,,,
2020.07.23 08:07:22,2020.07.23 08:00:00,2020.07.23 08:07:22,Resolved QFP,37.947921,16.097865
2020.07.23 08:35:33,2020.07.23 08:30:00,2020.07.23 08:35:33,Resolved QFP,37.948121,16.098359
2020.07.23 09:09:32,2020.07.23 09:00:00,2020.07.23 09:09:32,Resolved QFP,37.948649,16.097917
2020.07.23 09:35:54,2020.07.23 09:30:00,2020.07.23 09:35:54,Resolved QFP,37.94871,16.09768
2020.07.23 10:00:00,2020.07.23 08:00:00,,,,
2020.07.23 10:06:14,2020.07.23 10:00:00,2020.07.23 10:06:14,Resolved QFP,37.948839,16.097589
2020.07.23 10:35:53,2020.07.23 10:30:00,2020.07.23 10:35:53,Resolved QFP,37.9488,16.097564
2020.07.23 11:02:08,2020.07.23 11:00:00,2020.07.23 11:02:08,Resolved QFP,37.948886,16.097545
2020.07.23 11:30:28,2020.07.23 11:30:00,2020.07.23 11:30:28,Resolved QFP,37.948764,16.097531
2020.07.23 11:30:39,2020.07.23 11:30:39,,,,
2020.07.23 12:00:00,2020.07.23 10:00:00,,,,
2020.07.23 12:00:00,2020.07.23 12:00:00,,,,
2020.07.23 12:00:24,2020.07.23 12:00:00,2020.07.23 12:00:24,Resolved QFP,37.949177,16.098084
2020.07.23 14:00:00,2020.07.23 12:00:00,,,,
2020.07.23 15:30:50,2020.07.23 15:30:00,2020.07.23 15:30:50,Resolved QFP,37.975316,16.116929
2020.07.23 16:00:00,2020.07.23 14:00:00,,,,
2020.07.23 18:00:00,2020.07.23 16:00:00,,,,
2020.07.23 18:35:04,2020.07.23 18:30:00,2020.07.23 18:35:04,Resolved QFP,37.960263,16.105018
2020.07.23 20:00:00,2020.07.23 18:00:00,,,,
2020.07.23 20:00:07,2020.07.23 20:00:00,2020.07.23 20:00:07,Resolved QFP,37.952864,16.09297
2020.07.23 21:03:32,2020.07.23 21:00:00,2020.07.23 21:03:32,Resolved QFP,37.946594,16.086944
2020.07.23 21:44:27,2020.07.23 21:30:00,2020.07.23 21:44:27,Resolved QFP,37.946452,16.088617
2020.07.23 22:00:00,2020.07.23 20:00:00,,,,
2020.07.23 22:08:41,2020.07.23 22:00:00,2020.07.23 22:08:41,Resolved QFP,37.944805,16.088684
2020.07.23 22:22:50,2020.07.23 22:22:50,,,,
2020.07.23 22:43:52,2020.07.23 22:30:00,2020.07.23 22:43:52,Resolved QFP,37.945008,16.089962
2020.07.23 23:00:59,2020.07.23 23:00:00,2020.07.23 23:00:59,Resolved QFP,37.944891,16.090162
2020.07.23 23:21:49,2020.07.23 23:21:49,,,,
2020.07.23 23:40:28,2020.07.23 23:30:00,2020.07.23 23:40:28,Resolved QFP,37.944605,16.090607
2020.07.24 00:00:00,2020.07.23 22:00:00,,,,
2020.07.24 00:00:00,2020.07.24 00:00:00,,,,
2020.07.24 00:03:11,2020.07.24 00:00:00,2020.07.24 00:03:11,Resolved QFP,37.94394,16.091021
2020.07.24 00:30:08,2020.07.24 00:30:00,2020.07.24 00:30:08,Resolved QFP,37.94377,16.091019
2020.07.24 01:03:35,2020.07.24 01:00:00,2020.07.24 01:03:35,Resolved QFP,37.944254,16.089056
2020.07.24 02:00:00,2020.07.24 00:00:00,,,,
2020.07.24 02:00:07,2020.07.24 02:00:00,2020.07.24 02:00:07,Resolved QFP,37.947388,16.088236
2020.07.24 02:00:15,2020.07.24 02:00:15,,,,
2020.07.24 02:43:18,2020.07.24 02:30:00,2020.07.24 02:43:18,Resolved QFP,37.946922,16.088874
2020.07.24 03:02:58,2020.07.24 03:00:00,2020.07.24 03:02:58,Resolved QFP,37.946646,16.089785
2020.07.24 03:41:31,2020.07.24 03:30:00,2020.07.24 03:41:31,Resolved QFP,37.946184,16.090588
2020.07.24 04:00:00,2020.07.24 02:00:00,,,,
2020.07.24 04:13:09,2020.07.24 04:00:00,2020.07.24 04:13:09,Resolved QFP,37.945925,16.091203
2020.07.24 04:41:50,2020.07.24 04:30:00,2020.07.24 04:41:50,Resolved QFP,37.945862,16.091037
2020.07.24 05:00:44,2020.07.24 05:00:00,2020.07.24 05:00:44,Resolved QFP,37.945696,16.09132
2020.07.24 05:53:04,2020.07.24 05:30:00,2020.07.24 05:53:04,Resolved QFP (Uncertain),37.945975,16.091298
2020.07.24 06:00:00,2020.07.24 04:00:00,,,,
2020.07.24 06:25:43,2020.07.24 06:00:00,2020.07.24 06:25:43,Resolved QFP (Uncertain),37.946437,16.093594
2020.07.24 07:00:50,2020.07.24 07:00:00,2020.07.24 07:00:50,Resolved QFP,37.945612,16.095403
2020.07.24 07:46:00,2020.07.24 07:30:00,2020.07.24 07:46:00,Resolved QFP,37.944765,16.092431
2020.07.24 08:00:00,2020.07.24 06:00:00,,,,
2020.07.24 08:09:47,2020.07.24 08:00:00,2020.07.24 08:09:47,Resolved QFP,37.944599,16.09218
2020.07.24 08:34:38,2020.07.24 08:30:00,2020.07.24 08:34:38,Resolved QFP,37.944798,16.092377
2020.07.24 09:04:04,2020.07.24 09:04:04,,,,
2020.07.24 09:04:10,2020.07.24 09:00:00,2020.07.24 09:04:10,Resolved QFP,37.944817,16.092776
2020.07.24 09:32:52,2020.07.24 09:30:00,2020.07.24 09:32:52,Resolved QFP,37.944977,16.093106
2020.07.24 10:00:00,2020.07.24 08:00:00,,,,
2020.07.24 10:00:35,2020.07.24 10:00:00,2020.07.24 10:00:35,Resolved QFP,37.945503,16.093297
2020.07.24 10:51:05,2020.07.24 10:30:00,2020.07.24 10:51:05,Resolved QFP,37.946192,16.093647
2020.07.24 10:51:15,2020.07.24 10:51:15,,,,
2020.07.24 11:31:27,2020.07.24 11:30:00,2020.07.24 11:31:27,Resolved QFP,37.949846,16.092203
2020.07.24 12:00:00,2020.07.24 10:00:00,,,,
2020.07.24 12:00:00,2020.07.24 12:00:00,,,,
2020.07.24 13:32:15,2020.07.24 13:30:00,2020.07.24 13:32:15,Resolved QFP,37.953567,16.099394
2020.07.24 14:00:00,2020.07.24 12:00:00,,,,
2020.07.24 14:12:15,2020.07.24 14:00:00,2020.07.24 14:12:15,Resolved QFP,37.953731,16.099456
2020.07.24 14:35:27,2020.07.24 14:30:00,2020.07.24 14:35:27,Resolved QFP,37.953865,16.09944
2020.07.24 15:00:25,2020.07.24 15:00:00,2020.07.24 15:00:25,Resolved QFP,37.954251,16.099066
2020.07.24 16:00:00,2020.07.24 14:00:00,,,,
2020.07.24 16:41:47,2020.07.24 16:30:00,2020.07.24 16:41:47,Resolved QFP,37.954778,16.100114
2020.07.24 17:00:37,2020.07.24 17:00:00,2020.07.24 17:00:37,Resolved QFP,37.954918,16.101544
2020.07.24 17:45:31,2020.07.24 17:30:00,2020.07.24 17:45:31,Resolved QFP,37.953742,16.101905
2020.07.24 18:00:00,2020.07.24 16:00:00,,,,
2020.07.24 18:27:57,2020.07.24 18:27:57,,,,
2020.07.24 18:28:39,2020.07.24 18:00:00,2020.07.24 18:28:39,Resolved QFP,37.953717,16.101067
2020.07.24 19:06:50,2020.07.24 19:00:00,2020.07.24 19:06:50,Succeeded,37.955012,16.095137
2020.07.24 19:30:07,2020.07.24 19:30:00,2020.07.24 19:30:07,Resolved QFP,37.955085,16.095049
2020.07.24 20:00:00,2020.07.24 18:00:00,,,,
2020.07.24 20:00:08,2020.07.24 20:00:00,2020.07.24 20:00:08,Resolved QFP,37.955142,16.095012
2020.07.24 20:30:08,2020.07.24 20:30:00,2020.07.24 20:30:08,Resolved QFP,37.955198,16.094964
2020.07.24 21:00:09,2020.07.24 21:00:00,2020.07.24 21:00:09,Resolved QFP,37.955168,16.094995
2020.07.24 21:30:08,2020.07.24 21:30:00,2020.07.24 21:30:08,Resolved QFP,37.955032,16.095164
2020.07.24 22:00:00,2020.07.24 20:00:00,,,,
2020.07.24 22:00:10,2020.07.24 22:00:00,2020.07.24 22:00:10,Resolved QFP,37.953417,16.093509
2020.07.24 22:30:09,2020.07.24 22:30:00,2020.07.24 22:30:09,Resolved QFP,37.953447,16.093406
2020.07.24 23:00:08,2020.07.24 23:00:00,2020.07.24 23:00:08,Resolved QFP,37.953484,16.093404
2020.07.24 23:30:11,2020.07.24 23:30:00,2020.07.24 23:30:11,Resolved QFP,37.953588,16.093604
2020.07.25 00:00:00,2020.07.24 22:00:00,,,,
2020.07.25 00:00:00,2020.07.25 00:00:00,,,,
2020.07.25 00:00:06,2020.07.25 00:00:00,2020.07.25 00:00:06,Resolved QFP,37.95355,16.093515
2020.07.25 00:39:12,2020.07.25 00:30:00,2020.07.25 00:39:12,Resolved QFP,37.951186,16.092234
2020.07.25 01:09:57,2020.07.25 01:00:00,2020.07.25 01:09:57,Resolved QFP,37.950648,16.091879
2020.07.25 01:34:02,2020.07.25 01:30:00,2020.07.25 01:34:02,Resolved QFP,37.949799,16.09186
2020.07.25 02:00:00,2020.07.25 00:00:00,,,,
2020.07.25 02:03:46,2020.07.25 02:00:00,2020.07.25 02:03:46,Resolved QFP,37.94522,16.090343
2020.07.25 02:26:43,2020.07.25 02:26:43,,,,
2020.07.25 02:26:49,2020.07.25 02:26:49,,,,
2020.07.25 02:26:56,2020.07.25 02:26:56,,,,
2020.07.25 02:43:49,2020.07.25 02:30:00,2020.07.25 02:43:49,Resolved QFP,37.938955,16.087753
2020.07.25 03:14:33,2020.07.25 03:00:00,2020.07.25 03:14:33,Resolved QFP,37.938763,16.08776
2020.07.25 03:30:09,2020.07.25 03:30:00,2020.07.25 03:30:09,Resolved QFP,37.938864,16.087577
2020.07.25 04:00:00,2020.07.25 02:00:00,,,,
2020.07.25 04:16:35,2020.07.25 04:00:00,2020.07.25 04:16:35,Resolved QFP,37.938434,16.087618
2020.07.25 04:38:40,2020.07.25 04:30:00,2020.07.25 04:38:40,Resolved QFP,37.939101,16.087503
2020.07.25 05:04:52,2020.07.25 05:00:00,2020.07.25 05:04:52,Resolved QFP,37.939017,16.087178
2020.07.25 05:41:50,2020.07.25 05:30:00,2020.07.25 05:41:50,Resolved QFP,37.938801,16.087479
2020.07.25 06:00:00,2020.07.25 04:00:00,,,,
2020.07.25 06:02:48,2020.07.25 06:00:00,2020.07.25 06:02:48,Resolved QFP,37.938757,16.087402
2020.07.25 06:02:58,2020.07.25 06:02:58,,,,
2020.07.25 06:47:57,2020.07.25 06:30:00,2020.07.25 06:47:57,Resolved QFP,37.938698,16.087331
2020.07.25 07:12:32,2020.07.25 07:00:00,2020.07.25 07:12:32,Resolved QFP,37.93886,16.087248
2020.07.25 07:52:30,2020.07.25 07:30:00,2020.07.25 07:52:30,Resolved QFP,37.938724,16.087128
2020.07.25 08:00:00,2020.07.25 06:00:00,,,,
2020.07.25 08:25:18,2020.07.25 08:00:00,2020.07.25 08:25:18,Resolved QFP,37.938545,16.087344
2020.07.25 08:58:10,2020.07.25 08:30:00,2020.07.25 08:58:10,Resolved QFP,37.938828,16.087483
2020.07.25 09:32:16,2020.07.25 09:30:00,2020.07.25 09:32:16,Resolved QFP,37.938726,16.087466
2020.07.25 10:00:00,2020.07.25 08:00:00,,,,
2020.07.25 10:03:56,2020.07.25 10:00:00,2020.07.25 10:03:56,Resolved QFP,37.939263,16.087774
2020.07.25 10:37:51,2020.07.25 10:30:00,2020.07.25 10:37:51,Resolved QFP,37.938832,16.087696
2020.07.25 10:38:02,2020.07.25 10:38:02,,,,
2020.07.25 11:14:41,2020.07.25 11:00:00,2020.07.25 11:14:41,Resolved QFP,37.939099,16.087807
2020.07.25 11:46:42,2020.07.25 11:30:00,2020.07.25 11:46:42,Resolved QFP,37.93898,16.087642
2020.07.25 12:00:00,2020.07.25 10:00:00,,,,
2020.07.25 12:00:00,2020.07.25 12:00:00,,,,
2020.07.25 12:14:45,2020.07.25 12:00:00,2020.07.25 12:14:45,Resolved QFP,37.939034,16.088012
2020.07.25 12:30:46,2020.07.25 12:30:00,2020.07.25 12:30:46,Resolved QFP,37.939188,16.087928
2020.07.25 13:07:36,2020.07.25 13:00:00,2020.07.25 13:07:36,Resolved QFP,37.939415,16.087566
2020.07.25 13:37:21,2020.07.25 13:30:00,2020.07.25 13:37:21,Resolved QFP,37.939172,16.087396
2020.07.25 14:00:00,2020.07.25 12:00:00,,,,
2020.07.25 14:07:37,2020.07.25 14:00:00,2020.07.25 14:07:37,Resolved QFP (Uncertain),37.93874,16.08795
2020.07.25 15:00:34,2020.07.25 15:00:00,2020.07.25 15:00:34,Resolved QFP,37.938339,16.087049
2020.07.25 15:32:57,2020.07.25 15:30:00,2020.07.25 15:32:57,Resolved QFP,37.938315,16.087033
2020.07.25 16:00:00,2020.07.25 14:00:00,,,,
2020.07.25 16:02:52,2020.07.25 16:02:52,,,,
2020.07.25 16:03:14,2020.07.25 16:00:00,2020.07.25 16:03:14,Resolved QFP,37.938189,16.087153
2020.07.25 16:33:43,2020.07.25 16:30:00,2020.07.25 16:33:43,Resolved QFP,37.93818,16.08704
2020.07.25 17:06:02,2020.07.25 17:00:00,2020.07.25 17:06:02,Resolved QFP,37.93826,16.086958
2020.07.25 17:35:08,2020.07.25 17:30:00,2020.07.25 17:35:08,Resolved QFP,37.938612,16.0876
2020.07.25 18:00:00,2020.07.25 16:00:00,,,,
2020.07.25 18:11:35,2020.07.25 18:00:00,2020.07.25 18:11:35,Resolved QFP,37.938786,16.08744
2020.07.25 18:40:22,2020.07.25 18:30:00,2020.07.25 18:40:22,Resolved QFP (Uncertain),37.938739,16.087347
2020.07.25 19:16:33,2020.07.25 19:00:00,2020.07.25 19:16:33,Resolved QFP,37.938838,16.086749
2020.07.25 19:55:42,2020.07.25 19:30:00,2020.07.25 19:55:42,Resolved QFP,37.936972,16.086952
2020.07.25 20:00:00,2020.07.25 18:00:00,,,,
2020.07.25 20:00:54,2020.07.25 20:00:00,2020.07.25 20:00:54,Resolved QFP,37.93592,16.08703
2020.07.25 20:35:30,2020.07.25 20:35:30,,,,
2020.07.25 20:35:40,2020.07.25 20:30:00,2020.07.25 20:35:40,Resolved QFP,37.935721,16.086608
2020.07.25 21:08:02,2020.07.25 21:00:00,2020.07.25 21:08:02,Resolved QFP,37.935215,16.086713
2020.07.25 21:35:39,2020.07.25 21:30:00,2020.07.25 21:35:39,Resolved QFP,37.934584,16.087092
2020.07.25 22:00:00,2020.07.25 20:00:00,,,,
2020.07.25 22:11:47,2020.07.25 22:00:00,2020.07.25 22:11:47,Resolved QFP,37.933971,16.087257
2020.07.25 22:46:48,2020.07.25 22:30:00,2020.07.25 22:46:48,Resolved QFP,37.933203,16.087041
2020.07.25 23:15:27,2020.07.25 23:00:00,2020.07.25 23:15:27,Resolved QFP,37.932385,16.087179
2020.07.25 23:55:28,2020.07.25 23:30:00,2020.07.25 23:55:28,Resolved QFP,37.931242,16.08695
2020.07.26 00:00:00,2020.07.25 22:00:00,,,,
2020.07.26 00:00:00,2020.07.26 00:00:00,,,,
2020.07.26 00:18:59,2020.07.26 00:00:00,2020.07.26 00:18:59,Resolved QFP,37.930578,16.086783
2020.07.26 00:19:10,2020.07.26 00:19:10,,,,
2020.07.26 01:11:02,2020.07.26 01:00:00,2020.07.26 01:11:02,Resolved QFP,37.928575,16.084731
2020.07.26 01:51:12,2020.07.26 01:30:00,2020.07.26 01:51:12,Resolved QFP,37.926284,16.078094
2020.07.26 02:00:00,2020.07.26 00:00:00,,,,
2020.07.26 02:37:28,2020.07.26 02:30:00,2020.07.26 02:37:28,Resolved QFP,37.924912,16.075008
2020.07.26 03:17:36,2020.07.26 03:00:00,2020.07.26 03:17:36,Resolved QFP (Uncertain),37.923762,16.072347
2020.07.26 04:00:00,2020.07.26 02:00:00,,,,
2020.07.26 04:10:32,2020.07.26 04:00:00,2020.07.26 04:10:32,Resolved QFP,37.923531,16.067448
2020.07.26 04:57:31,2020.07.26 04:30:00,2020.07.26 04:57:31,Resolved QFP,37.922125,16.067187
2020.07.26 05:29:20,2020.07.26 05:00:00,2020.07.26 05:29:20,Resolved QFP,37.92186,16.066781
2020.07.26 05:30:07,2020.07.26 05:30:00,2020.07.26 05:30:07,Resolved QFP,37.921365,16.066898
2020.07.26 06:00:00,2020.07.26 04:00:00,,,,
2020.07.26 06:07:28,2020.07.26 06:07:28,,,,
2020.07.26 06:07:37,2020.07.26 06:00:00,2020.07.26 06:07:37,Resolved QFP,37.921243,16.065722
2020.07.26 06:38:22,2020.07.26 06:30:00,2020.07.26 06:38:22,Resolved QFP,37.921848,16.065934
2020.07.26 07:11:19,2020.07.26 07:00:00,2020.07.26 07:11:19,Resolved QFP,37.921662,16.065761
2020.07.26 07:47:17,2020.07.26 07:30:00,2020.07.26 07:47:17,Resolved QFP,37.92162,16.065891
2020.07.26 08:00:00,2020.07.26 06:00:00,,,,
2020.07.26 08:21:47,2020.07.26 08:00:00,2020.07.26 08:21:47,Resolved QFP,37.921478,16.065859
2020.07.26 09:00:39,2020.07.26 09:00:00,2020.07.26 09:00:39,Resolved QFP,37.921628,16.065962
2020.07.26 09:35:22,2020.07.26 09:30:00,2020.07.26 09:35:22,Resolved QFP,37.921554,16.066002
2020.07.26 10:00:00,2020.07.26 08:00:00,,,,
2020.07.26 10:10:20,2020.07.26 10:00:00,2020.07.26 10:10:20,Resolved QFP,37.921265,16.066667
2020.07.26 10:10:33,2020.07.26 10:10:33,,,,
2020.07.26 10:43:22,2020.07.26 10:30:00,2020.07.26 10:43:22,Resolved QFP (Uncertain),37.918657,16.064679
2020.07.26 11:13:04,2020.07.26 11:00:00,2020.07.26 11:13:04,Resolved QFP,37.921104,16.067037
2020.07.26 12:00:00,2020.07.26 10:00:00,,,,
2020.07.26 12:00:00,2020.07.26 12:00:00,,,,
2020.07.26 13:00:51,2020.07.26 13:00:00,2020.07.26 13:00:51,Resolved QFP,37.923547,16.066019
2020.07.26 13:34:46,2020.07.26 13:30:00,2020.07.26 13:34:46,Resolved QFP,37.922945,16.066343
2020.07.26 14:00:00,2020.07.26 12:00:00,,,,
2020.07.26 14:47:15,2020.07.26 14:30:00,2020.07.26 14:47:15,Resolved QFP,37.92291,16.066703
2020.07.26 15:19:09,2020.07.26 15:00:00,2020.07.26 15:19:09,Resolved QFP,37.922877,16.067
2020.07.26 15:42:51,2020.07.26 15:30:00,2020.07.26 15:42:51,Resolved QFP,37.922688,16.067233
2020.07.26 16:00:00,2020.07.26 14:00:00,,,,
2020.07.26 16:05:11,2020.07.26 16:00:00,2020.07.26 16:05:11,Resolved QFP,37.922931,16.06739
2020.07.26 16:05:19,2020.07.26 16:05:19,,,,
2020.07.26 16:31:24,2020.07.26 16:30:00,2020.07.26 16:31:24,Resolved QFP,37.923217,16.067026
2020.07.26 17:00:40,2020.07.26 17:00:00,2020.07.26 17:00:40,Resolved QFP,37.923302,16.06696
2020.07.26 17:31:16,2020.07.26 17:30:00,2020.07.26 17:31:16,Resolved QFP,37.923227,16.066943
2020.07.26 18:00:00,2020.07.26 16:00:00,,,,
2020.07.26 18:46:46,2020.07.26 18:30:00,2020.07.26 18:46:46,Resolved QFP,37.922707,16.066111
2020.07.26 19:18:09,2020.07.26 19:00:00,2020.07.26 19:18:09,Resolved QFP (Uncertain),37.922603,16.065734
2020.07.26 20:00:00,2020.07.26 18:00:00,,,,
2020.07.26 20:33:28,2020.07.26 20:30:00,2020.07.26 20:33:28,Resolved QFP,37.92093,16.064875
2020.07.26 20:37:40,2020.07.26 20:37:40,,,,
2020.07.26 21:26:03,2020.07.26 21:00:00,2020.07.26 21:26:03,Resolved QFP,37.922045,16.06571
2020.07.26 22:00:00,2020.07.26 20:00:00,,,,
2020.07.26 22:01:37,2020.07.26 22:00:00,2020.07.26 22:01:37,Resolved QFP,37.921766,16.065646
2020.07.26 22:34:38,2020.07.26 22:30:00,2020.07.26 22:34:38,Resolved QFP,37.92205,16.065482
2020.07.26 23:08:51,2020.07.26 23:00:00,2020.07.26 23:08:51,Resolved QFP,37.921993,16.065567
2020.07.26 23:31:24,2020.07.26 23:30:00,2020.07.26 23:31:24,Resolved QFP,37.918531,16.060891
2020.07.27 00:00:00,2020.07.26 22:00:00,,,,
2020.07.27 00:00:00,2020.07.27 00:00:00,,,,
2020.07.27 00:21:42,2020.07.27 00:00:00,2020.07.27 00:21:42,Resolved QFP,37.918973,16.055753
2020.07.27 00:44:18,2020.07.27 00:30:00,2020.07.27 00:44:18,Resolved QFP,37.918774,16.055159
2020.07.27 02:00:00,2020.07.27 00:00:00,,,,
2020.07.27 04:00:00,2020.07.27 02:00:00,,,,
2020.07.27 06:00:00,2020.07.27 04:00:00,,,,
2020.07.27 08:00:00,2020.07.27 06:00:00,,,,
2020.07.27 10:00:00,2020.07.27 08:00:00,,,,
2020.07.27 12:00:00,2020.07.27 10:00:00,,,,
2020.07.27 12:00:00,2020.07.27 12:00:00,,,,
2020.07.27 14:00:00,2020.07.27 12:00:00,,,,
2020.07.27 16:00:00,2020.07.27 14:00:00,,,,
2020.07.27 18:00:00,2020.07.27 16:00:00,,,,
2020.07.27 20:00:00,2020.07.27 18:00:00,,,,
2020.07.27 22:00:00,2020.07.27 20:00:00,,,,
2020.07.28 00:00:00,2020.07.27 22:00:00,,,,
2020.07.28 00:00:00,2020.07.28 00:00:00,,,,
2020.07.28 02:00:00,2020.07.28 00:00:00,,,,
2020.07.28 04:00:00,2020.07.28 02:00:00,,,,
2020.07.28 06:00:00,2020.07.28 04:00:00,,,,
2020.07.28 06:27:18,2020.07.28 06:27:18,,,,
2020.07.28 07:10:43,2020.07.28 07:00:00,2020.07.28 07:10:43,Resolved QFP,37.446583,15.443979
2020.07.28 08:00:00,2020.07.28 06:00:00,,,,
2020.07.28 10:00:00,2020.07.28 08:00:00,,,,
2020.07.28 12:00:00,2020.07.28 10:00:00,,,,
2020.07.28 12:00:00,2020.07.28 12:00:00,,,,
2020.07.28 14:00:00,2020.07.28 12:00:00,,,,
2020.07.28 15:30:05,2020.07.28 15:30:00,2020.07.28 15:30:05,Resolved QFP,37.171017,15.514167
2020.07.28 16:00:00,2020.07.28 14:00:00,,,,
2020.07.28 17:33:01,2020.07.28 17:33:01,,,,
2020.07.28 17:33:12,2020.07.28 17:30:00,2020.07.28 17:33:12,Resolved QFP (Uncertain),37.09574,15.514778
2020.07.28 18:00:00,2020.07.28 16:00:00,,,,
2020.07.28 18:11:14,2020.07.28 18:00:00,2020.07.28 18:11:14,Resolved QFP,37.082027,15.511343
2020.07.28 20:00:00,2020.07.28 18:00:00,,,,
2020.07.28 22:00:00,2020.07.28 20:00:00,,,,
2020.07.29 00:00:00,2020.07.28 22:00:00,,,,
2020.07.29 00:00:00,2020.07.29 00:00:00,,,,
2020.07.29 02:00:00,2020.07.29 00:00:00,,,,
2020.07.29 04:00:00,2020.07.29 02:00:00,,,,
2020.07.29 06:00:00,2020.07.29 04:00:00,,,,
2020.07.29 06:00:35,2020.07.29 06:00:00,2020.07.29 06:00:35,Resolved QFP,36.806649,15.355923
2020.07.29 08:00:00,2020.07.29 06:00:00,,,,
2020.07.29 10:00:00,2020.07.29 08:00:00,,,,
2020.07.29 10:08:55,2020.07.29 10:00:00,2020.07.29 10:08:55,Resolved QFP (Uncertain),36.786268,15.2616
2020.07.29 11:31:36,2020.07.29 11:30:00,2020.07.29 11:31:36,Resolved QFP,36.777192,15.236559
2020.07.29 12:00:00,2020.07.29 10:00:00,,,,
2020.07.29 12:00:00,2020.07.29 12:00:00,,,,
2020.07.29 14:00:00,2020.07.29 12:00:00,,,,
2020.07.29 16:00:00,2020.07.29 14:00:00,,,,
2020.07.29 17:00:27,2020.07.29 17:00:00,2020.07.29 17:00:27,Resolved QFP,36.713061,15.220648
2020.07.29 18:00:00,2020.07.29 16:00:00,,,,
2020.07.29 18:30:05,2020.07.29 18:30:00,2020.07.29 18:30:05,Resolved QFP,36.690155,15.241986
2020.07.29 20:00:00,2020.07.29 18:00:00,,,,
2020.07.29 20:08:52,2020.07.29 20:00:00,2020.07.29 20:08:52,Resolved QFP,36.66545,15.253732
2020.07.29 22:00:00,2020.07.29 20:00:00,,,,
2020.07.29 22:40:16,2020.07.29 22:40:16,,,,
2020.07.29 22:40:28,2020.07.29 22:40:28,,,,
2020.07.29 22:40:37,2020.07.29 22:30:00,2020.07.29 22:40:37,Resolved QFP,36.624651,15.239734
2020.07.30 00:00:00,2020.07.29 22:00:00,,,,
2020.07.30 00:00:00,2020.07.30 00:00:00,,,,
2020.07.30 02:00:00,2020.07.30 00:00:00,,,,
2020.07.30 04:00:00,2020.07.30 02:00:00,,,,
2020.07.30 04:36:15,2020.07.30 04:30:00,2020.07.30 04:36:15,Resolved QFP,36.57061,15.142341
2020.07.30 06:00:00,2020.07.30 04:00:00,,,,
2020.07.30 08:00:00,2020.07.30 06:00:00,,,,
2020.07.30 10:00:00,2020.07.30 08:00:00,,,,
2020.07.30 11:05:40,2020.07.30 11:05:40,,,,
2020.07.30 11:05:48,2020.07.30 11:00:00,2020.07.30 11:05:48,Resolved QFP,36.495521,15.043263
2020.07.30 11:57:23,2020.07.30 11:30:00,2020.07.30 11:57:23,Resolved QFP,36.487442,15.035973
2020.07.30 12:00:00,2020.07.30 10:00:00,,,,
2020.07.30 12:00:00,2020.07.30 12:00:00,,,,
2020.07.30 13:18:25,2020.07.30 13:00:00,2020.07.30 13:18:25,Resolved QFP,36.468123,15.033404
2020.07.30 14:00:00,2020.07.30 12:00:00,,,,
2020.07.30 15:00:25,2020.07.30 15:00:00,2020.07.30 15:00:25,Resolved QFP,36.435287,15.041178
2020.07.30 16:00:00,2020.07.30 14:00:00,,,,
2020.07.30 16:10:09,2020.07.30 16:00:00,2020.07.30 16:10:09,Resolved QFP,36.412593,15.041855
2020.07.30 16:30:07,2020.07.30 16:30:00,2020.07.30 16:30:07,Resolved QFP,36.405214,15.042472
2020.07.30 17:01:00,2020.07.30 17:00:00,2020.07.30 17:01:00,Resolved QFP,36.395816,15.041103
2020.07.30 18:00:00,2020.07.30 16:00:00,,,,
2020.07.30 19:35:07,2020.07.30 19:30:00,2020.07.30 19:35:07,Resolved QFP,36.351436,15.037988
2020.07.30 20:00:00,2020.07.30 18:00:00,,,,
2020.07.30 22:00:00,2020.07.30 20:00:00,,,,
2020.07.30 23:02:59,2020.07.30 23:02:59,,,,
2020.07.30 23:03:16,2020.07.30 23:00:00,2020.07.30 23:03:16,Resolved QFP,36.275818,15.040418
2020.07.31 00:00:00,2020.07.30 22:00:00,,,,
2020.07.31 00:00:00,2020.07.31 00:00:00,,,,
2020.07.31 00:50:16,2020.07.31 00:50:16,,,,
2020.07.31 02:00:00,2020.07.31 00:00:00,,,,
2020.07.31 02:32:17,2020.07.31 02:30:00,2020.07.31 02:32:17,Resolved QFP,36.22898,15.004404
2020.07.31 03:50:51,2020.07.31 03:30:00,2020.07.31 03:50:51,Resolved QFP,36.221452,14.989531
2020.07.31 04:00:00,2020.07.31 02:00:00,,,,
2020.07.31 05:37:03,2020.07.31 05:30:00,2020.07.31 05:37:03,Resolved QFP,36.212116,14.968071
2020.07.31 06:00:00,2020.07.31 04:00:00,,,,
2020.07.31 06:32:30,2020.07.31 06:30:00,2020.07.31 06:32:30,Resolved QFP,36.203377,14.958338
2020.07.31 06:32:41,2020.07.31 06:32:41,,,,
2020.07.31 07:08:33,2020.07.31 07:00:00,2020.07.31 07:08:33,Resolved QFP,36.20339,14.954725
2020.07.31 07:52:09,2020.07.31 07:30:00,2020.07.31 07:52:09,Resolved QFP,36.200656,14.952210000000001
2020.07.31 08:00:00,2020.07.31 06:00:00,,,,
2020.07.31 09:04:26,2020.07.31 09:00:00,2020.07.31 09:04:26,Resolved QFP,36.194993,14.938461
2020.07.31 10:00:00,2020.07.31 08:00:00,,,,
2020.07.31 10:05:39,2020.07.31 10:00:00,2020.07.31 10:05:39,Resolved QFP,36.193028,14.927235
2020.07.31 11:31:56,2020.07.31 11:30:00,2020.07.31 11:31:56,Resolved QFP,36.191355,14.914042
2020.07.31 12:00:00,2020.07.31 10:00:00,,,,
2020.07.31 12:00:00,2020.07.31 12:00:00,,,,
2020.07.31 12:00:18,2020.07.31 12:00:00,2020.07.31 12:00:18,Resolved QFP,36.18732,14.910612
2020.07.31 12:30:05,2020.07.31 12:30:00,2020.07.31 12:30:05,Resolved QFP,36.18121,14.904504
2020.07.31 12:30:15,2020.07.31 12:30:15,,,,
2020.07.31 13:30:07,2020.07.31 13:30:00,2020.07.31 13:30:07,Resolved QFP,36.1696,14.89206
2020.07.31 14:00:00,2020.07.31 12:00:00,,,,
2020.07.31 14:31:24,2020.07.31 14:30:00,2020.07.31 14:31:24,Resolved QFP,36.160543,14.876594
2020.07.31 16:00:00,2020.07.31 14:00:00,,,,
2020.07.31 16:00:15,2020.07.31 16:00:00,2020.07.31 16:00:15,Resolved QFP,36.151105,14.852711
2020.07.31 17:08:50,2020.07.31 17:00:00,2020.07.31 17:08:50,Resolved QFP,36.147111,14.835674
2020.07.31 18:00:00,2020.07.31 16:00:00,,,,
2020.07.31 18:00:19,2020.07.31 18:00:00,2020.07.31 18:00:19,Unresolved QFP,36.141745,14.822048
2020.07.31 18:40:12,2020.07.31 18:30:00,2020.07.31 18:40:12,Resolved QFP,36.143847,14.811685
2020.07.31 20:00:00,2020.07.31 18:00:00,,,,
2020.07.31 20:34:25,2020.07.31 20:30:00,2020.07.31 20:34:25,Resolved QFP,36.144353,14.789069
2020.07.31 22:00:00,2020.07.31 20:00:00,,,,
2020.08.01 00:00:00,2020.07.31 22:00:00,,,,
2020.08.01 00:00:00,2020.08.01 00:00:00,,,,
2020.08.01 02:00:00,2020.08.01 00:00:00,,,,
2020.08.01 02:11:57,2020.08.01 02:00:00,2020.08.01 02:11:57,Resolved QFP,36.135583,14.697657
2020.08.01 04:00:00,2020.08.01 02:00:00,,,,
2020.08.01 06:00:00,2020.08.01 04:00:00,,,,
2020.08.01 06:55:17,2020.08.01 06:30:00,2020.08.01 06:55:17,Resolved QFP,36.146987,14.624741
2020.08.01 07:30:06,2020.08.01 07:30:00,2020.08.01 07:30:06,Resolved QFP,36.147766,14.621968
2020.08.01 08:00:00,2020.08.01 06:00:00,,,,
2020.08.01 08:23:48,2020.08.01 08:00:00,2020.08.01 08:23:48,Resolved QFP,36.15202,14.613415
2020.08.01 09:01:10,2020.08.01 09:00:00,2020.08.01 09:01:10,Resolved QFP,36.153488,14.606624
2020.08.01 10:03:44,2020.08.01 10:03:44,,,,
2020.08.01 10:52:30,2020.08.01 10:30:00,2020.08.01 10:52:30,Resolved QFP,36.162845,14.581519
2020.08.01 10:52:42,2020.08.01 10:52:42,,,,
2020.08.01 11:30:08,2020.08.01 11:30:00,2020.08.01 11:30:08,Resolved QFP,36.164358,14.57254
2020.08.01 12:00:00,2020.08.01 12:00:00,,,,
2020.08.01 12:00:35,2020.08.01 12:00:00,2020.08.01 12:00:35,Resolved QFP,36.163457,14.563237
2020.08.01 13:16:17,2020.08.01 13:16:17,,,,
2020.08.01 14:00:00,2020.08.01 12:00:00,,,,
2020.08.01 14:08:45,2020.08.01 14:00:00,2020.08.01 14:08:45,Unresolved QFP,36.159531,14.523721
2020.08.01 14:30:43,2020.08.01 14:30:00,2020.08.01 14:30:43,Resolved QFP,36.161974,14.525086
2020.08.01 16:00:00,2020.08.01 14:00:00,,,,
2020.08.01 16:15:04,2020.08.01 16:00:00,2020.08.01 16:15:04,Resolved QFP,36.163412,14.486607
2020.08.01 17:20:43,2020.08.01 17:00:00,2020.08.01 17:20:43,Resolved QFP,36.167513,14.46767
2020.08.01 18:00:00,2020.08.01 16:00:00,,,,
2020.08.01 18:00:52,2020.08.01 18:00:00,2020.08.01 18:00:52,Resolved QFP,36.170307,14.458445
2020.08.01 19:37:58,2020.08.01 19:30:00,2020.08.01 19:37:58,Unresolved QFP,36.183117,14.435557
2020.08.01 20:00:00,2020.08.01 18:00:00,,,,
2020.08.01 22:00:00,2020.08.01 20:00:00,,,,
2020.08.01 23:42:54,2020.08.01 23:30:00,2020.08.01 23:42:54,Resolved QFP,36.192219,14.391116
2020.08.02 00:00:00,2020.08.01 22:00:00,,,,
2020.08.02 00:00:00,2020.08.02 00:00:00,,,,
2020.08.02 01:08:16,2020.08.02 01:00:00,2020.08.02 01:08:16,Resolved QFP,36.193463,14.37328
2020.08.02 02:00:00,2020.08.02 00:00:00,,,,
2020.08.02 04:00:00,2020.08.02 02:00:00,,,,
2020.08.02 04:06:48,2020.08.02 04:00:00,2020.08.02 04:06:48,Resolved QFP (Uncertain),36.186637,14.323597
2020.08.02 04:34:30,2020.08.02 04:30:00,2020.08.02 04:34:30,Unresolved QFP,35.559658,14.199204
2020.08.02 06:00:00,2020.08.02 04:00:00,,,,
2020.08.02 06:33:13,2020.08.02 06:30:00,2020.08.02 06:33:13,Resolved QFP,36.185317,14.275666
2020.08.02 07:05:41,2020.08.02 07:00:00,2020.08.02 07:05:41,Resolved QFP,36.187641,14.270628
2020.08.02 07:41:12,2020.08.02 07:30:00,2020.08.02 07:41:12,Resolved QFP,36.191148,14.26718
2020.08.02 07:41:22,2020.08.02 07:41:22,,,,
2020.08.02 07:41:30,2020.08.02 07:41:30,,,,
2020.08.02 07:41:44,2020.08.02 07:41:44,,,,
2020.08.02 08:00:00,2020.08.02 06:00:00,,,,
2020.08.02 08:00:08,2020.08.02 08:00:00,2020.08.02 08:00:08,Resolved QFP (Uncertain),36.192788,14.264511
2020.08.02 10:00:00,2020.08.02 08:00:00,,,,
2020.08.02 12:00:00,2020.08.02 10:00:00,,,,
2020.08.02 12:00:00,2020.08.02 12:00:00,,,,
2020.08.02 13:38:07,2020.08.02 13:30:00,2020.08.02 13:38:07,Resolved QFP,36.223766,14.136451
2020.08.02 14:00:00,2020.08.02 12:00:00,,,,
2020.08.02 15:11:01,2020.08.02 15:00:00,2020.08.02 15:11:01,Resolved QFP,36.230399,14.097371
2020.08.02 16:00:00,2020.08.02 14:00:00,,,,
2020.08.02 18:00:00,2020.08.02 16:00:00,,,,
2020.08.02 20:00:00,2020.08.02 18:00:00,,,,
2020.08.02 22:00:00,2020.08.02 20:00:00,,,,
2020.08.02 22:00:12,2020.08.02 22:00:00,2020.08.02 22:00:12,Resolved QFP,36.268828,13.958865
2020.08.02 23:32:50,2020.08.02 23:30:00,2020.08.02 23:32:50,Resolved QFP,36.279735,13.924688
2020.08.03 00:00:00,2020.08.02 22:00:00,,,,
2020.08.03 00:00:00,2020.08.03 00:00:00,,,,
2020.08.03 01:00:09,2020.08.03 01:00:00,2020.08.03 01:00:09,Resolved QFP,36.290691,13.892073
2020.08.03 01:44:01,2020.08.03 01:30:00,2020.08.03 01:44:01,Resolved QFP,36.298328,13.875486
2020.08.03 01:47:58,2020.08.03 01:47:58,,,,
2020.08.03 02:00:00,2020.08.03 00:00:00,,,,
2020.08.03 02:48:52,2020.08.03 02:30:00,2020.08.03 02:48:52,Unresolved QFP,36.312289,13.853936
2020.08.03 04:00:00,2020.08.03 02:00:00,,,,
2020.08.03 04:09:17,2020.08.03 04:00:00,2020.08.03 04:09:17,Resolved QFP,36.324703,13.821009
2020.08.03 04:30:37,2020.08.03 04:30:00,2020.08.03 04:30:37,Resolved QFP,36.328384,13.816254
2020.08.03 05:27:31,2020.08.03 05:00:00,2020.08.03 05:27:31,Resolved QFP,36.336425,13.806588
2020.08.03 05:30:09,2020.08.03 05:30:00,2020.08.03 05:30:09,Resolved QFP,36.336818,13.806385
2020.08.03 06:00:00,2020.08.03 04:00:00,,,,
2020.08.03 06:32:54,2020.08.03 06:30:00,2020.08.03 06:32:54,Resolved QFP,36.348542,13.790381
2020.08.03 06:33:03,2020.08.03 06:33:03,,,,
2020.08.03 07:00:10,2020.08.03 07:00:00,2020.08.03 07:00:10,Resolved QFP,36.352498,13.785997
2020.08.03 07:47:31,2020.08.03 07:30:00,2020.08.03 07:47:31,Resolved QFP (Uncertain),36.362152,13.769145
2020.08.03 08:00:00,2020.08.03 06:00:00,,,,
2020.08.03 08:06:39,2020.08.03 08:00:00,2020.08.03 08:06:39,Unresolved QFP,36.362914,13.771992
2020.08.03 10:00:00,2020.08.03 08:00:00,,,,
2020.08.03 10:02:48,2020.08.03 10:00:00,2020.08.03 10:02:48,Resolved QFP,36.39487,13.733944
2020.08.03 10:40:40,2020.08.03 10:30:00,2020.08.03 10:40:40,Resolved QFP,36.404132,13.724171
2020.08.03 11:14:51,2020.08.03 11:00:00,2020.08.03 11:14:51,Resolved QFP (Uncertain),36.412825,13.717539
2020.08.03 12:00:00,2020.08.03 10:00:00,,,,
2020.08.03 12:00:00,2020.08.03 12:00:00,,,,
2020.08.03 12:00:58,2020.08.03 12:00:00,2020.08.03 12:00:58,Resolved QFP,36.424283,13.706486
2020.08.03 12:34:34,2020.08.03 12:30:00,2020.08.03 12:34:34,Resolved QFP,36.43007,13.698386
2020.08.03 14:00:00,2020.08.03 12:00:00,,,,
2020.08.03 14:52:53,2020.08.03 14:52:53,,,,
2020.08.03 15:18:37,2020.08.03 15:00:00,2020.08.03 15:18:37,Resolved QFP,36.444862,13.649791
2020.08.03 16:00:00,2020.08.03 14:00:00,,,,
2020.08.03 16:13:11,2020.08.03 16:00:00,2020.08.03 16:13:11,Resolved QFP,36.451097,13.635738
2020.08.03 16:39:51,2020.08.03 16:30:00,2020.08.03 16:39:51,Resolved QFP,36.454856,13.628195
2020.08.03 18:00:00,2020.08.03 16:00:00,,,,
2020.08.03 18:00:49,2020.08.03 18:00:00,2020.08.03 18:00:49,Resolved QFP,36.467285,13.605272
2020.08.03 18:35:44,2020.08.03 18:30:00,2020.08.03 18:35:44,Resolved QFP,36.47294,13.597342
2020.08.03 20:00:00,2020.08.03 18:00:00,,,,
2020.08.03 20:07:13,2020.08.03 20:00:00,2020.08.03 20:07:13,Resolved QFP,36.488378,13.576771
2020.08.03 22:00:00,2020.08.03 20:00:00,,,,
2020.08.03 22:06:20,2020.08.03 22:00:00,2020.08.03 22:06:20,Resolved QFP,36.505366,13.544751
2020.08.03 23:30:21,2020.08.03 23:30:00,2020.08.03 23:30:21,Resolved QFP,36.514288,13.519477
2020.08.03 23:30:31,2020.08.03 23:30:31,,,,
2020.08.04 00:00:00,2020.08.03 22:00:00,,,,
2020.08.04 00:00:00,2020.08.04 00:00:00,,,,
2020.08.04 00:11:21,2020.08.04 00:00:00,2020.08.04 00:11:21,Resolved QFP,36.518005,13.513695
2020.08.04 01:35:28,2020.08.04 01:30:00,2020.08.04 01:35:28,Resolved QFP,36.519721,13.488424
2020.08.04 02:00:00,2020.08.04 00:00:00,,,,
2020.08.04 04:00:00,2020.08.04 02:00:00,,,,
2020.08.04 04:36:29,2020.08.04 04:30:00,2020.08.04 04:36:29,Resolved QFP,36.532958,13.420576
2020.08.04 05:01:44,2020.08.04 05:00:00,2020.08.04 05:01:44,Resolved QFP,36.534661,13.414242
2020.08.04 05:34:50,2020.08.04 05:30:00,2020.08.04 05:34:50,Resolved QFP (Uncertain),36.537422,13.404417
2020.08.04 06:00:00,2020.08.04 04:00:00,,,,
2020.08.04 06:13:56,2020.08.04 06:00:00,2020.08.04 06:13:56,Resolved QFP,36.543154,13.39137
2020.08.04 06:32:27,2020.08.04 06:30:00,2020.08.04 06:32:27,Resolved QFP (Uncertain),36.54533,13.386294
2020.08.04 07:05:50,2020.08.04 07:00:00,2020.08.04 07:05:50,Resolved QFP,36.549502,13.37809
2020.08.04 07:27:10,2020.08.04 07:27:10,,,,
2020.08.04 07:43:01,2020.08.04 07:30:00,2020.08.04 07:43:01,Resolved QFP,36.555329,13.365775
2020.08.04 08:00:00,2020.08.04 06:00:00,,,,
2020.08.04 08:02:19,2020.08.04 08:00:00,2020.08.04 08:02:19,Resolved QFP,36.558801,13.358432
2020.08.04 08:46:07,2020.08.04 08:30:00,2020.08.04 08:46:07,Resolved QFP,36.566959,13.344427
2020.08.04 09:36:48,2020.08.04 09:30:00,2020.08.04 09:36:48,Resolved QFP,36.576185,13.32801
2020.08.04 10:00:00,2020.08.04 08:00:00,,,,
2020.08.04 11:10:57,2020.08.04 11:00:00,2020.08.04 11:10:57,Resolved QFP,36.594515,13.29797
2020.08.04 12:00:00,2020.08.04 10:00:00,,,,
2020.08.04 12:00:00,2020.08.04 12:00:00,,,,
2020.08.04 12:12:34,2020.08.04 12:00:00,2020.08.04 12:12:34,Unresolved QFP,36.604804,13.276371
2020.08.04 12:31:04,2020.08.04 12:30:00,2020.08.04 12:31:04,Resolved QFP,36.606493,13.272649
2020.08.04 14:00:00,2020.08.04 12:00:00,,,,
2020.08.04 14:42:10,2020.08.04 14:30:00,2020.08.04 14:42:10,Resolved QFP,36.608287,13.220587
2020.08.04 15:05:00,2020.08.04 15:00:00,2020.08.04 15:05:00,Resolved QFP,36.609306,13.21203
2020.08.04 15:45:45,2020.08.04 15:30:00,2020.08.04 15:45:45,Resolved QFP,36.6105,13.194933
2020.08.04 16:00:00,2020.08.04 14:00:00,,,,
2020.08.04 16:49:52,2020.08.04 16:30:00,2020.08.04 16:49:52,Resolved QFP,36.607355,13.171642
2020.08.04 17:10:21,2020.08.04 17:00:00,2020.08.04 17:10:21,Resolved QFP,36.607179,13.164135
2020.08.04 17:31:10,2020.08.04 17:30:00,2020.08.04 17:31:10,Resolved QFP (Uncertain),36.608079,13.157164
2020.08.04 17:31:36,2020.08.04 17:31:36,,,,
2020.08.04 18:00:00,2020.08.04 16:00:00,,,,
2020.08.04 19:02:51,2020.08.04 19:00:00,2020.08.04 19:02:51,Resolved QFP,36.612481,13.141244
2020.08.04 20:00:00,2020.08.04 18:00:00,,,,
2020.08.04 21:13:14,2020.08.04 21:00:00,2020.08.04 21:13:14,Unresolved QFP,36.61377,13.090665
2020.08.04 22:00:00,2020.08.04 20:00:00,,,,
2020.08.04 22:01:46,2020.08.04 22:00:00,2020.08.04 22:01:46,Resolved QFP,36.613269,13.067393
2020.08.04 23:07:22,2020.08.04 23:00:00,2020.08.04 23:07:22,Unresolved QFP,36.615024,13.034349
2020.08.05 00:00:00,2020.08.04 22:00:00,,,,
2020.08.05 00:00:00,2020.08.05 00:00:00,,,,
2020.08.05 00:11:24,2020.08.05 00:00:00,2020.08.05 00:11:24,Resolved QFP,36.623033,13.009792
2020.08.05 00:51:00,2020.08.05 00:51:00,,,,
2020.08.05 01:27:43,2020.08.05 01:00:00,2020.08.05 01:27:43,Resolved QFP,36.634102,12.982803
2020.08.05 01:27:55,2020.08.05 01:27:55,,,,
2020.08.05 02:00:00,2020.08.05 00:00:00,,,,
2020.08.05 02:36:00,2020.08.05 02:30:00,2020.08.05 02:36:00,Unresolved QFP,36.644424,12.956312
2020.08.05 03:01:22,2020.08.05 03:00:00,2020.08.05 03:01:22,Unresolved QFP,36.648933,12.945597
2020.08.05 03:52:15,2020.08.05 03:30:00,2020.08.05 03:52:15,Resolved QFP,36.657207,12.923831
2020.08.05 04:00:00,2020.08.05 02:00:00,,,,
2020.08.05 04:33:18,2020.08.05 04:30:00,2020.08.05 04:33:18,Resolved QFP,36.661576,12.908632
2020.08.05 04:33:31,2020.08.05 04:33:31,,,,
2020.08.05 05:00:32,2020.08.05 05:00:00,2020.08.05 05:00:32,Unresolved QFP,36.664789,12.896874
2020.08.05 06:00:00,2020.08.05 04:00:00,,,,
2020.08.05 06:11:02,2020.08.05 06:00:00,2020.08.05 06:11:02,Unresolved QFP,36.670307,12.872289
2020.08.05 06:46:48,2020.08.05 06:30:00,2020.08.05 06:46:48,Resolved QFP,36.674202,12.860067
2020.08.05 07:01:05,2020.08.05 07:00:00,2020.08.05 07:01:05,Resolved QFP (Uncertain),37.520066,3.387964
2020.08.05 07:33:13,2020.08.05 07:30:00,2020.08.05 07:33:13,Resolved QFP,36.678946,12.84442
2020.08.05 08:00:00,2020.08.05 06:00:00,,,,
2020.08.05 08:30:16,2020.08.05 08:30:00,2020.08.05 08:30:16,Resolved QFP,36.683673,12.827724
2020.08.05 09:17:34,2020.08.05 09:00:00,2020.08.05 09:17:34,Resolved QFP (Uncertain),36.686816,12.815074
2020.08.05 09:35:50,2020.08.05 09:30:00,2020.08.05 09:35:50,Resolved QFP,36.688135,12.809935
2020.08.05 10:00:00,2020.08.05 08:00:00,,,,
2020.08.05 10:04:14,2020.08.05 10:00:00,2020.08.05 10:04:14,Resolved QFP,36.692795,12.801937
2020.08.05 10:30:22,2020.08.05 10:30:00,2020.08.05 10:30:22,Resolved QFP,36.693782,12.793413
2020.08.05 11:10:45,2020.08.05 11:00:00,2020.08.05 11:10:45,Resolved QFP,36.699878,12.784356
2020.08.05 11:42:10,2020.08.05 11:30:00,2020.08.05 11:42:10,Resolved QFP,36.706301,12.778846
2020.08.05 12:00:00,2020.08.05 10:00:00,,,,
2020.08.05 12:00:00,2020.08.05 12:00:00,,,,
2020.08.05 12:30:08,2020.08.05 12:30:00,2020.08.05 12:30:08,Resolved QFP,36.711553,12.767312
2020.08.05 13:15:26,2020.08.05 13:00:00,2020.08.05 13:15:26,Resolved QFP (Uncertain),36.715795,12.754135
2020.08.05 13:34:56,2020.08.05 13:30:00,2020.08.05 13:34:56,Unresolved QFP,36.71449,12.742481
2020.08.05 14:00:00,2020.08.05 12:00:00,,,,
2020.08.05 14:14:51,2020.08.05 14:00:00,2020.08.05 14:14:51,Resolved QFP,36.715224,12.732107
2020.08.05 14:50:20,2020.08.05 14:30:00,2020.08.05 14:50:20,Resolved QFP,36.717189,12.721141
2020.08.05 14:50:31,2020.08.05 14:50:31,,,,
2020.08.05 14:50:45,2020.08.05 14:50:45,,,,
2020.08.05 15:43:13,2020.08.05 15:30:00,2020.08.05 15:43:13,Resolved QFP,36.71952,12.704306
2020.08.05 16:00:00,2020.08.05 14:00:00,,,,
2020.08.05 16:23:01,2020.08.05 16:00:00,2020.08.05 16:23:01,Resolved QFP,36.722374,12.694642
2020.08.05 16:30:24,2020.08.05 16:30:00,2020.08.05 16:30:24,Resolved QFP,36.722133,12.692233
2020.08.05 17:47:00,2020.08.05 17:30:00,2020.08.05 17:47:00,Resolved QFP,36.729188,12.673542
2020.08.05 18:00:00,2020.08.05 16:00:00,,,,
2020.08.05 18:29:43,2020.08.05 18:00:00,2020.08.05 18:29:43,Resolved QFP,36.735299,12.659856
2020.08.05 18:30:11,2020.08.05 18:30:00,2020.08.05 18:30:11,Resolved QFP,36.735198,12.659786
2020.08.05 19:52:35,2020.08.05 19:30:00,2020.08.05 19:52:35,Resolved QFP,36.744007,12.636564
2020.08.05 20:00:00,2020.08.05 18:00:00,,,,
2020.08.05 20:07:45,2020.08.05 20:00:00,2020.08.05 20:07:45,Resolved QFP,36.744957,12.630477
2020.08.05 21:02:27,2020.08.05 21:00:00,2020.08.05 21:02:27,Resolved QFP,36.748798,12.610715
2020.08.05 21:30:53,2020.08.05 21:30:00,2020.08.05 21:30:53,Resolved QFP,36.752653,12.599381
2020.08.05 21:31:16,2020.08.05 21:31:16,,,,
2020.08.05 21:59:00,2020.08.05 21:59:00,,,,
2020.08.05 22:00:00,2020.08.05 20:00:00,,,,
2020.08.05 22:00:20,2020.08.05 22:00:00,2020.08.05 22:00:20,Resolved QFP,36.756436,12.588362
2020.08.05 22:56:31,2020.08.05 22:56:31,,,,
2020.08.05 23:42:53,2020.08.05 23:30:00,2020.08.05 23:42:53,Resolved QFP,36.769892,12.554865
2020.08.06 00:00:00,2020.08.05 22:00:00,,,,
2020.08.06 00:00:00,2020.08.06 00:00:00,,,,
2020.08.06 01:15:07,2020.08.06 01:00:00,2020.08.06 01:15:07,Resolved QFP,36.780898,12.531497
2020.08.06 01:39:43,2020.08.06 01:30:00,2020.08.06 01:39:43,Resolved QFP,36.78449,12.525626
2020.08.06 02:00:00,2020.08.06 00:00:00,,,,
2020.08.06 02:07:31,2020.08.06 02:00:00,2020.08.06 02:07:31,Resolved QFP,36.788221,12.520039
2020.08.06 03:19:04,2020.08.06 03:00:00,2020.08.06 03:19:04,Resolved QFP,36.795717,12.506996
2020.08.06 04:00:00,2020.08.06 02:00:00,,,,
2020.08.06 04:31:16,2020.08.06 04:30:00,2020.08.06 04:31:16,Resolved QFP,36.802374,12.492487
2020.08.06 05:14:35,2020.08.06 05:00:00,2020.08.06 05:14:35,Resolved QFP,36.805834,12.483293
2020.08.06 05:14:46,2020.08.06 05:14:46,,,,
2020.08.06 05:40:50,2020.08.06 05:30:00,2020.08.06 05:40:50,Resolved QFP,36.805889,12.478369
2020.08.06 06:00:00,2020.08.06 04:00:00,,,,
2020.08.06 06:00:11,2020.08.06 06:00:00,2020.08.06 06:00:11,Resolved QFP,36.807377,12.478013
2020.08.06 07:00:42,2020.08.06 07:00:00,2020.08.06 07:00:42,Resolved QFP,36.809919,12.485335
2020.08.06 07:55:09,2020.08.06 07:30:00,2020.08.06 07:55:09,Resolved QFP,36.81384,12.48225
2020.08.06 08:00:00,2020.08.06 06:00:00,,,,
2020.08.06 08:15:15,2020.08.06 08:00:00,2020.08.06 08:15:15,Resolved QFP,36.816267,12.482484
2020.08.06 09:09:20,2020.08.06 09:00:00,2020.08.06 09:09:20,Resolved QFP,36.821301,12.472081
2020.08.06 10:00:00,2020.08.06 08:00:00,,,,
2020.08.06 10:33:05,2020.08.06 10:30:00,2020.08.06 10:33:05,Resolved QFP,36.831647,12.450522
2020.08.06 11:33:06,2020.08.06 11:30:00,2020.08.06 11:33:06,Resolved QFP,36.835681,12.436081
2020.08.06 11:56:58,2020.08.06 11:56:58,,,,
2020.08.06 12:00:00,2020.08.06 10:00:00,,,,
2020.08.06 12:00:00,2020.08.06 12:00:00,,,,
2020.08.06 12:00:56,2020.08.06 12:00:00,2020.08.06 12:00:56,Unresolved QFP,36.834727,12.452489
2020.08.06 12:51:30,2020.08.06 12:30:00,2020.08.06 12:51:30,Resolved QFP,36.833234,12.428347
2020.08.06 13:34:46,2020.08.06 13:30:00,2020.08.06 13:34:46,Resolved QFP,36.827947,12.417024
2020.08.06 14:00:00,2020.08.06 12:00:00,,,,
2020.08.06 14:12:40,2020.08.06 14:00:00,2020.08.06 14:12:40,Resolved QFP,36.826126,12.412542
2020.08.06 15:35:42,2020.08.06 15:30:00,2020.08.06 15:35:42,Resolved QFP,36.818998,12.393487
2020.08.06 16:00:00,2020.08.06 14:00:00,,,,
2020.08.06 16:21:17,2020.08.06 16:00:00,2020.08.06 16:21:17,Resolved QFP,36.814147,12.381621
2020.08.06 17:12:13,2020.08.06 17:00:00,2020.08.06 17:12:13,Resolved QFP,36.809482,12.369186
2020.08.06 17:35:57,2020.08.06 17:35:57,,,,
2020.08.06 17:36:30,2020.08.06 17:30:00,2020.08.06 17:36:30,Resolved QFP (Uncertain),36.756742,12.375498
2020.08.06 18:00:00,2020.08.06 16:00:00,,,,
2020.08.06 18:04:28,2020.08.06 18:00:00,2020.08.06 18:04:28,Resolved QFP,36.806426,12.360618
2020.08.06 19:08:49,2020.08.06 19:00:00,2020.08.06 19:08:49,Resolved QFP,36.799269,12.350738
2020.08.06 19:33:40,2020.08.06 19:30:00,2020.08.06 19:33:40,Resolved QFP,36.795794,12.345055
2020.08.06 20:00:00,2020.08.06 18:00:00,,,,
2020.08.06 20:41:32,2020.08.06 20:30:00,2020.08.06 20:41:32,Resolved QFP,36.784998,12.328346
2020.08.06 22:00:00,2020.08.06 20:00:00,,,,
2020.08.07 00:00:00,2020.08.06 22:00:00,,,,
2020.08.07 00:00:00,2020.08.07 00:00:00,,,,
2020.08.07 00:04:36,2020.08.07 00:00:00,2020.08.07 00:04:36,Resolved QFP,36.757377,12.289287
2020.08.07 00:29:31,2020.08.07 00:29:31,,,,
2020.08.07 00:30:13,2020.08.07 00:30:00,2020.08.07 00:30:13,Resolved QFP,36.752584,12.286199
2020.08.07 02:00:00,2020.08.07 00:00:00,,,,
2020.08.07 02:16:35,2020.08.07 02:16:35,,,,
2020.08.07 02:16:41,2020.08.07 02:00:00,2020.08.07 02:16:41,Resolved QFP,36.730322,12.273852
2020.08.07 03:08:14,2020.08.07 03:00:00,2020.08.07 03:08:14,Resolved QFP,36.719389,12.268221
2020.08.07 04:00:00,2020.08.07 02:00:00,,,,
2020.08.07 04:00:07,2020.08.07 04:00:00,2020.08.07 04:00:07,Resolved QFP,36.708912,12.262544
2020.08.07 05:22:26,2020.08.07 05:00:00,2020.08.07 05:22:26,Resolved QFP,36.694883,12.248934
2020.08.07 05:53:54,2020.08.07 05:30:00,2020.08.07 05:53:54,Resolved QFP,36.690822,12.245124
2020.08.07 06:00:00,2020.08.07 04:00:00,,,,
2020.08.07 06:29:03,2020.08.07 06:00:00,2020.08.07 06:29:03,Resolved QFP,36.685568,12.240105
2020.08.07 07:14:25,2020.08.07 07:00:00,2020.08.07 07:14:25,Resolved QFP,36.680175,12.238215
2020.08.07 07:14:37,2020.08.07 07:14:37,,,,
2020.08.07 07:37:48,2020.08.07 07:30:00,2020.08.07 07:37:48,Resolved QFP,36.675827,12.239411
2020.08.07 08:00:00,2020.08.07 06:00:00,,,,
2020.08.07 08:03:43,2020.08.07 08:00:00,2020.08.07 08:03:43,Resolved QFP,36.671281,12.238537
2020.08.07 08:34:06,2020.08.07 08:30:00,2020.08.07 08:34:06,Resolved QFP,36.665921,12.232663
2020.08.07 09:33:57,2020.08.07 09:30:00,2020.08.07 09:33:57,Resolved QFP,36.656186,12.220436
2020.08.07 10:00:00,2020.08.07 08:00:00,,,,
2020.08.07 10:30:10,2020.08.07 10:30:00,2020.08.07 10:30:10,Unresolved QFP,36.642302,12.212948
2020.08.07 12:00:00,2020.08.07 10:00:00,,,,
2020.08.07 12:00:00,2020.08.07 12:00:00,,,,
2020.08.07 12:13:04,2020.08.07 12:00:00,2020.08.07 12:13:04,Resolved QFP,36.630954,12.200707
2020.08.07 13:40:50,2020.08.07 13:30:00,2020.08.07 13:40:50,Resolved QFP,36.611813,12.177552
2020.08.07 14:00:00,2020.08.07 12:00:00,,,,
2020.08.07 15:01:57,2020.08.07 15:00:00,2020.08.07 15:01:57,Resolved QFP,36.592453,12.153439
2020.08.07 16:00:00,2020.08.07 14:00:00,,,,
2020.08.07 16:04:10,2020.08.07 16:04:10,,,,
2020.08.07 16:04:24,2020.08.07 16:00:00,2020.08.07 16:04:24,Resolved QFP,36.581498,12.137293
2020.08.07 16:31:39,2020.08.07 16:30:00,2020.08.07 16:31:39,Resolved QFP,36.579111,12.129513
2020.08.07 17:19:10,2020.08.07 17:00:00,2020.08.07 17:19:10,Resolved QFP,36.575293,12.115062
2020.08.07 18:00:00,2020.08.07 16:00:00,,,,
2020.08.07 18:13:19,2020.08.07 18:00:00,2020.08.07 18:13:19,Unresolved QFP,36.57809,12.101383
2020.08.07 20:00:00,2020.08.07 18:00:00,,,,
2020.08.07 20:12:05,2020.08.07 20:00:00,2020.08.07 20:12:05,Resolved QFP (Uncertain),36.582885,12.071545
2020.08.07 22:00:00,2020.08.07 20:00:00,,,,
2020.08.08 00:00:00,2020.08.07 22:00:00,,,,
2020.08.08 00:00:00,2020.08.08 00:00:00,,,,
2020.08.08 00:42:04,2020.08.08 00:30:00,2020.08.08 00:42:04,Resolved QFP,36.580447,11.989544
2020.08.08 01:14:41,2020.08.08 01:00:00,2020.08.08 01:14:41,Resolved QFP,36.581562,11.982649
2020.08.08 02:00:00,2020.08.08 00:00:00,,,,
2020.08.08 03:41:54,2020.08.08 03:41:54,,,,
2020.08.08 04:00:00,2020.08.08 02:00:00,,,,
2020.08.08 05:30:13,2020.08.08 05:30:00,2020.08.08 05:30:13,Unresolved QFP,36.58068,11.914507
2020.08.08 06:00:00,2020.08.08 04:00:00,,,,
2020.08.08 08:00:00,2020.08.08 06:00:00,,,,
2020.08.08 08:00:07,2020.08.08 08:00:00,2020.08.08 08:00:07,Resolved QFP,36.585803,11.869997
2020.08.08 10:00:00,2020.08.08 08:00:00,,,,
2020.08.08 10:36:58,2020.08.08 10:30:00,2020.08.08 10:36:58,Unresolved QFP,36.587752,11.823738
2020.08.08 12:00:00,2020.08.08 10:00:00,,,,
2020.08.08 12:00:00,2020.08.08 12:00:00,,,,
2020.08.08 12:32:57,2020.08.08 12:30:00,2020.08.08 12:32:57,Unresolved QFP,36.579391,11.787115
2020.08.08 14:00:00,2020.08.08 12:00:00,,,,
2020.08.08 14:02:41,2020.08.08 14:02:41,,,,
2020.08.08 14:03:01,2020.08.08 14:00:00,2020.08.08 14:03:01,Resolved QFP,36.579985,11.749933
2020.08.08 15:22:33,2020.08.08 15:00:00,2020.08.08 15:22:33,Resolved QFP,36.584353,11.722926
2020.08.08 16:00:00,2020.08.08 14:00:00,,,,
2020.08.08 16:19:47,2020.08.08 16:00:00,2020.08.08 16:19:47,Resolved QFP,36.592926,11.700476
2020.08.08 17:17:38,2020.08.08 17:00:00,2020.08.08 17:17:38,Resolved QFP,36.604635,11.678359
2020.08.08 18:00:00,2020.08.08 16:00:00,,,,
2020.08.08 18:01:17,2020.08.08 18:00:00,2020.08.08 18:01:17,Resolved QFP,36.609701,11.675346
2020.08.08 19:08:48,2020.08.08 19:00:00,2020.08.08 19:08:48,Unresolved QFP,36.620297,11.658667
2020.08.08 20:00:00,2020.08.08 18:00:00,,,,
2020.08.08 21:04:50,2020.08.08 21:00:00,2020.08.08 21:04:50,Resolved QFP,36.633571,11.627995
2020.08.08 22:00:00,2020.08.08 20:00:00,,,,
2020.08.08 22:11:43,2020.08.08 22:00:00,2020.08.08 22:11:43,Resolved QFP,36.63788,11.610083
2020.08.09 00:00:00,2020.08.08 22:00:00,,,,
2020.08.09 00:00:00,2020.08.09 00:00:00,,,,
2020.08.09 01:34:09,2020.08.09 01:30:00,2020.08.09 01:34:09,Resolved QFP,36.631183,11.546317
2020.08.09 02:00:00,2020.08.09 00:00:00,,,,
2020.08.09 02:00:55,2020.08.09 02:00:00,2020.08.09 02:00:55,Resolved QFP,36.632283,11.538564
2020.08.09 04:00:00,2020.08.09 02:00:00,,,,
2020.08.09 04:00:07,2020.08.09 04:00:00,2020.08.09 04:00:07,Resolved QFP,36.632776,11.501659
2020.08.09 04:25:49,2020.08.09 04:25:49,,,,
2020.08.09 04:41:52,2020.08.09 04:30:00,2020.08.09 04:41:52,Resolved QFP,36.635739,11.492362
2020.08.09 05:07:52,2020.08.09 05:00:00,2020.08.09 05:07:52,Resolved QFP,36.636017,11.493108
2020.08.09 06:00:00,2020.08.09 04:00:00,,,,
2020.08.09 06:14:47,2020.08.09 06:00:00,2020.08.09 06:14:47,Resolved QFP,36.635601,11.486461
2020.08.09 06:49:48,2020.08.09 06:30:00,2020.08.09 06:49:48,Resolved QFP,36.637189,11.490455
2020.08.09 06:49:58,2020.08.09 06:49:58,,,,
2020.08.09 07:16:36,2020.08.09 07:00:00,2020.08.09 07:16:36,Resolved QFP,36.637945,11.492953
2020.08.09 08:00:00,2020.08.09 06:00:00,,,,
2020.08.09 09:32:35,2020.08.09 09:30:00,2020.08.09 09:32:35,Resolved QFP,36.64761,11.477434
2020.08.09 10:00:00,2020.08.09 08:00:00,,,,
2020.08.09 10:17:47,2020.08.09 10:00:00,2020.08.09 10:17:47,Resolved QFP,36.648747,11.466971
2020.08.09 12:00:00,2020.08.09 10:00:00,,,,
2020.08.09 12:00:00,2020.08.09 12:00:00,,,,
2020.08.09 12:30:20,2020.08.09 12:30:00,2020.08.09 12:30:20,Resolved QFP,36.650705,11.440744
2020.08.09 14:00:00,2020.08.09 12:00:00,,,,
2020.08.09 14:08:00,2020.08.09 14:00:00,2020.08.09 14:08:00,Resolved QFP,36.644572,11.420553
2020.08.09 14:53:06,2020.08.09 14:30:00,2020.08.09 14:53:06,Resolved QFP,36.642464,11.410071
2020.08.09 14:53:20,2020.08.09 14:53:20,,,,
2020.08.09 16:00:00,2020.08.09 14:00:00,,,,
2020.08.09 17:14:36,2020.08.09 17:00:00,2020.08.09 17:14:36,Resolved QFP,36.630914,11.396766
2020.08.09 17:35:04,2020.08.09 17:30:00,2020.08.09 17:35:04,Resolved QFP,36.632508,11.392738
2020.08.09 18:00:00,2020.08.09 16:00:00,,,,
2020.08.09 18:20:35,2020.08.09 18:00:00,2020.08.09 18:20:35,Resolved QFP,36.637398,11.387888
2020.08.09 18:43:48,2020.08.09 18:30:00,2020.08.09 18:43:48,Unresolved QFP,36.644431,11.38348
2020.08.09 19:43:59,2020.08.09 19:30:00,2020.08.09 19:43:59,Resolved QFP,36.648878,11.382958
2020.08.09 20:00:00,2020.08.09 18:00:00,,,,
2020.08.09 20:36:04,2020.08.09 20:30:00,2020.08.09 20:36:04,Resolved QFP,36.652123,11.375973
2020.08.09 21:10:11,2020.08.09 21:00:00,2020.08.09 21:10:11,Resolved QFP,36.653758,11.371729
2020.08.09 22:00:00,2020.08.09 20:00:00,,,,
2020.08.09 23:00:30,2020.08.09 23:00:00,2020.08.09 23:00:30,Resolved QFP,36.656216,11.360174
2020.08.10 00:00:00,2020.08.09 22:00:00,,,,
2020.08.10 00:00:00,2020.08.10 00:00:00,,,,
2020.08.10 00:00:09,2020.08.10 00:00:00,2020.08.10 00:00:09,Resolved QFP,36.657617,11.353359
2020.08.10 00:49:32,2020.08.10 00:30:00,2020.08.10 00:49:32,Unresolved QFP,36.659677,11.348837
2020.08.10 01:09:55,2020.08.10 01:00:00,2020.08.10 01:09:55,Resolved QFP (Uncertain),36.660683,11.348698
2020.08.10 01:10:09,2020.08.10 01:10:09,,,,
2020.08.10 02:00:00,2020.08.10 00:00:00,,,,
2020.08.10 03:00:20,2020.08.10 03:00:00,2020.08.10 03:00:20,Resolved QFP,36.66603,11.351375
2020.08.10 04:00:00,2020.08.10 02:00:00,,,,
2020.08.10 04:02:28,2020.08.10 04:00:00,2020.08.10 04:02:28,Resolved QFP,36.671047,11.355609
2020.08.10 04:31:09,2020.08.10 04:30:00,2020.08.10 04:31:09,Resolved QFP,36.67444,11.358415
2020.08.10 05:21:53,2020.08.10 05:00:00,2020.08.10 05:21:53,Resolved QFP,36.679225,11.359689
2020.08.10 05:48:48,2020.08.10 05:30:00,2020.08.10 05:48:48,Resolved QFP,36.682104,11.359737
2020.08.10 06:00:00,2020.08.10 04:00:00,,,,
2020.08.10 06:15:52,2020.08.10 06:00:00,2020.08.10 06:15:52,Resolved QFP,36.685024,11.35801
2020.08.10 06:33:14,2020.08.10 06:30:00,2020.08.10 06:33:14,Resolved QFP,36.687239,11.357539
2020.08.10 07:00:58,2020.08.10 07:00:00,2020.08.10 07:00:58,Resolved QFP,36.688834,11.359024
2020.08.10 07:01:09,2020.08.10 07:01:09,,,,
2020.08.10 07:45:13,2020.08.10 07:30:00,2020.08.10 07:45:13,Resolved QFP,36.689341,11.36102
2020.08.10 08:00:00,2020.08.10 06:00:00,,,,
2020.08.10 08:10:48,2020.08.10 08:00:00,2020.08.10 08:10:48,Resolved QFP,36.693019,11.359904
2020.08.10 09:35:25,2020.08.10 09:30:00,2020.08.10 09:35:25,Resolved QFP,36.705267,11.354106
2020.08.10 10:00:00,2020.08.10 08:00:00,,,,
2020.08.10 11:36:25,2020.08.10 11:30:00,2020.08.10 11:36:25,Resolved QFP,36.72544,11.359728
2020.08.10 12:00:00,2020.08.10 10:00:00,,,,
2020.08.10 12:00:00,2020.08.10 12:00:00,,,,
2020.08.10 12:40:38,2020.08.10 12:30:00,2020.08.10 12:40:38,Resolved QFP (Uncertain),36.738636,11.361905
2020.08.10 14:00:00,2020.08.10 12:00:00,,,,
2020.08.10 15:13:10,2020.08.10 15:13:10,,,,
2020.08.10 15:32:36,2020.08.10 15:30:00,2020.08.10 15:32:36,Resolved QFP,36.755376,11.347606
2020.08.10 16:00:00,2020.08.10 14:00:00,,,,
2020.08.10 16:02:09,2020.08.10 16:00:00,2020.08.10 16:02:09,Resolved QFP,36.758844,11.34558
2020.08.10 16:34:22,2020.08.10 16:30:00,2020.08.10 16:34:22,Resolved QFP (Uncertain),36.763969,11.345369
2020.08.10 18:00:00,2020.08.10 16:00:00,,,,
2020.08.10 18:18:35,2020.08.10 18:00:00,2020.08.10 18:18:35,Resolved QFP,36.783308,11.34631
2020.08.10 18:49:01,2020.08.10 18:30:00,2020.08.10 18:49:01,Resolved QFP,36.785014,11.34789
2020.08.10 19:12:02,2020.08.10 19:00:00,2020.08.10 19:12:02,Resolved QFP,36.786911,11.35064
2020.08.10 19:38:14,2020.08.10 19:30:00,2020.08.10 19:38:14,Resolved QFP,36.791192,11.352025
2020.08.10 20:00:00,2020.08.10 18:00:00,,,,
2020.08.10 20:00:43,2020.08.10 20:00:00,2020.08.10 20:00:43,Resolved QFP,36.792457,11.351901
2020.08.10 20:30:09,2020.08.10 20:30:00,2020.08.10 20:30:09,Resolved QFP (Uncertain),36.791198,11.350322
2020.08.10 21:30:12,2020.08.10 21:30:00,2020.08.10 21:30:12,Resolved QFP,36.798361,11.353263
2020.08.10 22:00:00,2020.08.10 20:00:00,,,,
2020.08.10 22:00:20,2020.08.10 22:00:00,2020.08.10 22:00:20,Resolved QFP,36.797887,11.354255
2020.08.10 22:30:09,2020.08.10 22:30:00,2020.08.10 22:30:09,Resolved QFP,36.796485,11.356736
2020.08.10 23:00:17,2020.08.10 23:00:00,2020.08.10 23:00:17,Resolved QFP,36.795542,11.359248
2020.08.10 23:30:08,2020.08.10 23:30:00,2020.08.10 23:30:08,Resolved QFP,36.793949,11.361226
2020.08.11 00:00:00,2020.08.10 22:00:00,,,,
2020.08.11 00:00:00,2020.08.11 00:00:00,,,,
2020.08.11 00:00:17,2020.08.11 00:00:00,2020.08.11 00:00:17,Resolved QFP,36.792358,11.360188
2020.08.11 00:34:53,2020.08.11 00:30:00,2020.08.11 00:34:53,Resolved QFP,36.792448,11.356931
2020.08.11 01:02:06,2020.08.11 01:00:00,2020.08.11 01:02:06,Resolved QFP,36.790717,11.35301
2020.08.11 01:56:15,2020.08.11 01:56:15,,,,
2020.08.11 02:00:00,2020.08.11 00:00:00,,,,
2020.08.11 03:16:04,2020.08.11 03:16:04,,,,
2020.08.11 03:16:13,2020.08.11 03:00:00,2020.08.11 03:16:13,Resolved QFP,36.789575,11.34172
2020.08.11 04:00:00,2020.08.11 02:00:00,,,,
2020.08.11 04:30:30,2020.08.11 04:30:00,2020.08.11 04:30:30,Resolved QFP,36.792666,11.340313
2020.08.11 06:00:00,2020.08.11 04:00:00,,,,
2020.08.11 06:45:20,2020.08.11 06:30:00,2020.08.11 06:45:20,Resolved QFP,36.808725,11.356216
2020.08.11 07:38:32,2020.08.11 07:30:00,2020.08.11 07:38:32,Resolved QFP,36.813887,11.363573
2020.08.11 08:00:00,2020.08.11 06:00:00,,,,
2020.08.11 09:00:04,2020.08.11 09:00:00,2020.08.11 09:00:04,Resolved QFP,36.817397,11.3706
2020.08.11 09:30:04,2020.08.11 09:30:00,2020.08.11 09:30:04,Resolved QFP,36.815216,11.370689
2020.08.11 10:00:00,2020.08.11 08:00:00,,,,
2020.08.11 11:37:52,2020.08.11 11:30:00,2020.08.11 11:37:52,Resolved QFP,36.820471,11.367577
2020.08.11 11:38:04,2020.08.11 11:38:04,,,,
2020.08.11 12:00:00,2020.08.11 10:00:00,,,,
2020.08.11 12:00:00,2020.08.11 12:00:00,,,,
2020.08.11 12:30:34,2020.08.11 12:30:00,2020.08.11 12:30:34,Resolved QFP (Uncertain),36.820533,11.363449
2020.08.11 13:00:04,2020.08.11 13:00:00,2020.08.11 13:00:04,Resolved QFP,36.821,11.35916
2020.08.11 14:00:00,2020.08.11 12:00:00,,,,
2020.08.11 14:12:39,2020.08.11 14:00:00,2020.08.11 14:12:39,Resolved QFP,36.828278,11.348684
2020.08.11 16:00:00,2020.08.11 14:00:00,,,,
2020.08.11 17:00:11,2020.08.11 17:00:00,2020.08.11 17:00:11,Resolved QFP,36.852354,11.330529
2020.08.11 18:00:00,2020.08.11 16:00:00,,,,
2020.08.11 18:22:43,2020.08.11 18:00:00,2020.08.11 18:22:43,Resolved QFP,36.87001,11.331025
2020.08.11 20:00:00,2020.08.11 18:00:00,,,,
2020.08.11 22:00:00,2020.08.11 20:00:00,,,,
2020.08.11 22:03:37,2020.08.11 22:00:00,2020.08.11 22:03:37,Resolved QFP,36.903422,11.343775
2020.08.11 22:36:43,2020.08.11 22:30:00,2020.08.11 22:36:43,Resolved QFP,36.906317,11.340845
2020.08.11 23:00:38,2020.08.11 23:00:00,2020.08.11 23:00:38,Resolved QFP,36.902855,11.346495
2020.08.11 23:39:10,2020.08.11 23:30:00,2020.08.11 23:39:10,Resolved QFP,36.902214,11.349556
2020.08.12 00:00:00,2020.08.11 22:00:00,,,,
2020.08.12 00:00:00,2020.08.12 00:00:00,,,,
2020.08.12 02:00:00,2020.08.12 00:00:00,,,,
2020.08.12 04:00:00,2020.08.12 02:00:00,,,,
2020.08.12 04:30:16,2020.08.12 04:30:00,2020.08.12 04:30:16,Resolved QFP,36.941112,11.32349
2020.08.12 04:47:13,2020.08.12 04:47:13,,,,
2020.08.12 05:31:18,2020.08.12 05:30:00,2020.08.12 05:31:18,Resolved QFP,36.951511,11.32448
2020.08.12 06:00:00,2020.08.12 04:00:00,,,,
2020.08.12 08:00:00,2020.08.12 06:00:00,,,,
2020.08.12 10:00:00,2020.08.12 08:00:00,,,,
2020.08.12 12:00:00,2020.08.12 10:00:00,,,,
2020.08.12 12:00:00,2020.08.12 12:00:00,,,,
2020.08.12 12:01:18,2020.08.12 12:00:00,2020.08.12 12:01:18,Resolved QFP,37.035097,11.34482
2020.08.12 12:33:20,2020.08.12 12:30:00,2020.08.12 12:33:20,Unresolved QFP,37.033187,11.35074
2020.08.12 13:30:10,2020.08.12 13:30:00,2020.08.12 13:30:10,Resolved QFP,37.035965,11.359426
2020.08.12 14:00:00,2020.08.12 12:00:00,,,,
2020.08.12 14:00:52,2020.08.12 14:00:00,2020.08.12 14:00:52,Unresolved QFP,37.035399,11.366583
2020.08.12 14:32:23,2020.08.12 14:30:00,2020.08.12 14:32:23,Resolved QFP,37.036083,11.369333
2020.08.12 16:00:00,2020.08.12 14:00:00,,,,
2020.08.12 17:41:41,2020.08.12 17:30:00,2020.08.12 17:41:41,Resolved QFP,37.065655,11.354129
2020.08.12 18:00:00,2020.08.12 16:00:00,,,,
2020.08.12 18:17:05,2020.08.12 18:00:00,2020.08.12 18:17:05,Resolved QFP,37.065776,11.354611
2020.08.12 18:50:03,2020.08.12 18:50:03,,,,
2020.08.12 18:50:17,2020.08.12 18:30:00,2020.08.12 18:50:17,Resolved QFP,37.070669,11.355254
2020.08.12 18:50:32,2020.08.12 18:50:32,,,,
2020.08.12 20:00:00,2020.08.12 18:00:00,,,,
2020.08.12 22:00:00,2020.08.12 20:00:00,,,,
2020.08.13 00:00:00,2020.08.12 22:00:00,,,,
2020.08.13 00:00:00,2020.08.13 00:00:00,,,,
2020.08.13 02:00:00,2020.08.13 00:00:00,,,,
2020.08.13 04:00:00,2020.08.13 02:00:00,,,,
2020.08.13 04:30:07,2020.08.13 04:30:00,2020.08.13 04:30:07,Resolved QFP,37.132971,11.381761
2020.08.13 05:25:43,2020.08.13 05:00:00,2020.08.13 05:25:43,Resolved QFP,37.134066,11.385017
2020.08.13 06:00:00,2020.08.13 04:00:00,,,,
2020.08.13 06:11:59,2020.08.13 06:00:00,2020.08.13 06:11:59,Resolved QFP,37.13546,11.388977
2020.08.13 06:55:46,2020.08.13 06:30:00,2020.08.13 06:55:46,Resolved QFP,37.136357,11.39198
2020.08.13 07:18:02,2020.08.13 07:00:00,2020.08.13 07:18:02,Resolved QFP,37.135796,11.39443
2020.08.13 07:18:13,2020.08.13 07:18:13,,,,
2020.08.13 07:35:14,2020.08.13 07:30:00,2020.08.13 07:35:14,Resolved QFP,37.133311,11.398183
2020.08.13 08:00:00,2020.08.13 06:00:00,,,,
2020.08.13 08:00:58,2020.08.13 08:00:00,2020.08.13 08:00:58,Resolved QFP,37.131918,11.403488
2020.08.13 08:40:29,2020.08.13 08:30:00,2020.08.13 08:40:29,Resolved QFP,37.132421,11.405938
2020.08.13 09:18:05,2020.08.13 09:00:00,2020.08.13 09:18:05,Resolved QFP,37.135944,11.406406
2020.08.13 09:30:36,2020.08.13 09:30:00,2020.08.13 09:30:36,Resolved QFP,37.137957,11.407629
2020.08.13 10:00:00,2020.08.13 08:00:00,,,,
2020.08.13 10:00:07,2020.08.13 10:00:00,2020.08.13 10:00:07,Resolved QFP,37.141877,11.408755
2020.08.13 11:11:31,2020.08.13 11:00:00,2020.08.13 11:11:31,Resolved QFP,37.147014,11.417052
2020.08.13 11:30:11,2020.08.13 11:30:00,2020.08.13 11:30:11,Resolved QFP,37.150464,11.419581
2020.08.13 12:00:00,2020.08.13 10:00:00,,,,
2020.08.13 12:00:00,2020.08.13 12:00:00,,,,
2020.08.13 12:00:20,2020.08.13 12:00:00,2020.08.13 12:00:20,Resolved QFP,37.1581,11.421708
2020.08.13 12:28:29,2020.08.13 12:28:29,,,,
2020.08.13 12:30:08,2020.08.13 12:30:00,2020.08.13 12:30:08,Resolved QFP,37.160064,11.422423
2020.08.13 13:01:47,2020.08.13 13:00:00,2020.08.13 13:01:47,Resolved QFP (Uncertain),37.163659,11.422477
2020.08.13 13:35:31,2020.08.13 13:30:00,2020.08.13 13:35:31,Resolved QFP,37.169166,11.424536
2020.08.13 14:00:00,2020.08.13 12:00:00,,,,
2020.08.13 14:00:26,2020.08.13 14:00:00,2020.08.13 14:00:26,Resolved QFP,37.171876,11.420397
2020.08.13 14:34:26,2020.08.13 14:30:00,2020.08.13 14:34:26,Resolved QFP,37.1775,11.419051
2020.08.13 16:00:00,2020.08.13 14:00:00,,,,
2020.08.13 16:01:40,2020.08.13 16:00:00,2020.08.13 16:01:40,Resolved QFP,37.190789,11.408382
2020.08.13 18:00:00,2020.08.13 16:00:00,,,,
2020.08.13 20:00:00,2020.08.13 18:00:00,,,,
2020.08.13 22:00:00,2020.08.13 20:00:00,,,,
2020.08.13 23:05:39,2020.08.13 23:00:00,2020.08.13 23:05:39,Resolved QFP,37.245387,11.403386
2020.08.14 00:00:00,2020.08.13 22:00:00,,,,
2020.08.14 00:00:00,2020.08.14 00:00:00,,,,
2020.08.14 01:32:16,2020.08.14 01:30:00,2020.08.14 01:32:16,Resolved QFP (Uncertain),37.28022,11.404668
2020.08.14 02:00:00,2020.08.14 00:00:00,,,,
2020.08.14 04:00:00,2020.08.14 02:00:00,,,,
2020.08.14 05:33:23,2020.08.14 05:33:23,,,,
2020.08.14 05:33:50,2020.08.14 05:30:00,2020.08.14 05:33:50,Resolved QFP,37.316595,11.370443
2020.08.14 06:00:00,2020.08.14 04:00:00,,,,
2020.08.14 06:00:05,2020.08.14 06:00:00,2020.08.14 06:00:05,Resolved QFP,37.317944,11.366401
2020.08.14 06:37:43,2020.08.14 06:30:00,2020.08.14 06:37:43,Resolved QFP,37.318765,11.360813
2020.08.14 07:22:02,2020.08.14 07:00:00,2020.08.14 07:22:02,Resolved QFP,37.323635,11.356445
2020.08.14 07:52:56,2020.08.14 07:30:00,2020.08.14 07:52:56,Resolved QFP,37.326014,11.35418
2020.08.14 07:53:06,2020.08.14 07:53:06,,,,
2020.08.14 08:00:00,2020.08.14 06:00:00,,,,
2020.08.14 08:16:06,2020.08.14 08:00:00,2020.08.14 08:16:06,Resolved QFP,37.328446,11.350256
2020.08.14 08:48:26,2020.08.14 08:30:00,2020.08.14 08:48:26,Resolved QFP,37.333777,11.346936
2020.08.14 09:40:19,2020.08.14 09:30:00,2020.08.14 09:40:19,Resolved QFP,37.346307,11.344877
2020.08.14 10:00:00,2020.08.14 08:00:00,,,,
2020.08.14 11:18:30,2020.08.14 11:00:00,2020.08.14 11:18:30,Resolved QFP,37.366711,11.333658
2020.08.14 12:00:00,2020.08.14 10:00:00,,,,
2020.08.14 12:00:00,2020.08.14 12:00:00,,,,
2020.08.14 12:04:35,2020.08.14 12:00:00,2020.08.14 12:04:35,Resolved QFP (Uncertain),37.376548,11.325097
2020.08.14 12:47:39,2020.08.14 12:30:00,2020.08.14 12:47:39,Resolved QFP,37.383727,11.311309
2020.08.14 14:00:00,2020.08.14 12:00:00,,,,
2020.08.14 16:00:00,2020.08.14 14:00:00,,,,
2020.08.14 17:07:50,2020.08.14 17:07:50,,,,
2020.08.14 17:07:59,2020.08.14 17:00:00,2020.08.14 17:07:59,Resolved QFP,37.420953,11.223402
2020.08.14 17:32:16,2020.08.14 17:30:00,2020.08.14 17:32:16,Resolved QFP,37.423195,11.217775
2020.08.14 18:00:00,2020.08.14 16:00:00,,,,
2020.08.14 18:14:55,2020.08.14 18:00:00,2020.08.14 18:14:55,Resolved QFP,37.421694,11.213916
2020.08.14 18:46:28,2020.08.14 18:30:00,2020.08.14 18:46:28,Resolved QFP,37.421296,11.208373
2020.08.14 19:06:13,2020.08.14 19:00:00,2020.08.14 19:06:13,Resolved QFP,37.421729,11.206661
2020.08.14 20:00:00,2020.08.14 18:00:00,,,,
2020.08.14 20:33:35,2020.08.14 20:30:00,2020.08.14 20:33:35,Resolved QFP,37.421142,11.20413
2020.08.14 21:00:11,2020.08.14 21:00:00,2020.08.14 21:00:11,Unresolved QFP,37.40887,11.216071
2020.08.14 22:00:00,2020.08.14 20:00:00,,,,
2020.08.14 23:00:06,2020.08.14 23:00:00,2020.08.14 23:00:06,Resolved QFP,37.412906,11.206679
2020.08.14 23:33:20,2020.08.14 23:30:00,2020.08.14 23:33:20,Resolved QFP,37.410136,11.205057
2020.08.15 00:00:00,2020.08.14 22:00:00,,,,
2020.08.15 00:00:00,2020.08.15 00:00:00,,,,
2020.08.15 00:30:42,2020.08.15 00:30:00,2020.08.15 00:30:42,Resolved QFP (Uncertain),37.407816,11.204927
2020.08.15 01:28:50,2020.08.15 01:28:50,,,,
2020.08.15 02:00:00,2020.08.15 00:00:00,,,,
2020.08.15 02:05:07,2020.08.15 02:00:00,2020.08.15 02:05:07,Resolved QFP,37.406356,11.198834
2020.08.15 02:30:14,2020.08.15 02:30:00,2020.08.15 02:30:14,Resolved QFP,37.40588,11.198177
2020.08.15 04:00:00,2020.08.15 02:00:00,,,,
2020.08.15 04:29:46,2020.08.15 04:00:00,2020.08.15 04:29:46,Resolved QFP,37.409205,11.183987
2020.08.15 05:14:17,2020.08.15 05:00:00,2020.08.15 05:14:17,Resolved QFP,37.415879,11.174092
2020.08.15 05:39:09,2020.08.15 05:30:00,2020.08.15 05:39:09,Resolved QFP,37.418953,11.167706
2020.08.15 06:00:00,2020.08.15 04:00:00,,,,
2020.08.15 06:07:18,2020.08.15 06:00:00,2020.08.15 06:07:18,Resolved QFP,37.423707,11.162266
2020.08.15 06:40:02,2020.08.15 06:30:00,2020.08.15 06:40:02,Resolved QFP,37.430108,11.15425
2020.08.15 07:08:49,2020.08.15 07:00:00,2020.08.15 07:08:49,Resolved QFP,37.434951,11.149389
2020.08.15 07:30:47,2020.08.15 07:30:47,,,,
2020.08.15 07:30:55,2020.08.15 07:30:00,2020.08.15 07:30:55,Resolved QFP,37.437292,11.145741
2020.08.15 08:00:00,2020.08.15 06:00:00,,,,
2020.08.15 08:00:05,2020.08.15 08:00:00,2020.08.15 08:00:05,Resolved QFP,37.442569,11.141679
2020.08.15 08:30:30,2020.08.15 08:30:00,2020.08.15 08:30:30,Resolved QFP,37.449105,11.135549
2020.08.15 09:09:27,2020.08.15 09:00:00,2020.08.15 09:09:27,Resolved QFP,37.460912,11.129746
2020.08.15 09:41:41,2020.08.15 09:30:00,2020.08.15 09:41:41,Resolved QFP,37.468372,11.127575
2020.08.15 10:00:00,2020.08.15 08:00:00,,,,
2020.08.15 10:13:32,2020.08.15 10:00:00,2020.08.15 10:13:32,Resolved QFP,37.475352,11.12441
2020.08.15 11:30:17,2020.08.15 11:30:00,2020.08.15 11:30:17,Resolved QFP,37.494317,11.11648
2020.08.15 12:00:00,2020.08.15 10:00:00,,,,
2020.08.15 12:00:00,2020.08.15 12:00:00,,,,
2020.08.15 12:01:58,2020.08.15 12:01:58,,,,
2020.08.15 12:02:22,2020.08.15 12:00:00,2020.08.15 12:02:22,Resolved QFP,37.493693,11.110464
2020.08.15 12:38:50,2020.08.15 12:30:00,2020.08.15 12:38:50,Resolved QFP,37.495378,11.104543
2020.08.15 13:20:08,2020.08.15 13:00:00,2020.08.15 13:20:08,Resolved QFP,37.496723,11.096658
2020.08.15 14:00:00,2020.08.15 12:00:00,,,,
2020.08.15 14:17:33,2020.08.15 14:00:00,2020.08.15 14:17:33,Resolved QFP,37.50216,11.08459
2020.08.15 14:51:23,2020.08.15 14:30:00,2020.08.15 14:51:23,Resolved QFP,37.505237,11.07698
2020.08.15 15:34:17,2020.08.15 15:30:00,2020.08.15 15:34:17,Resolved QFP,37.510144,11.065488
2020.08.15 16:00:00,2020.08.15 14:00:00,,,,
2020.08.15 17:34:12,2020.08.15 17:30:00,2020.08.15 17:34:12,Resolved QFP,37.541013,11.036658
2020.08.15 18:00:00,2020.08.15 16:00:00,,,,
2020.08.15 18:00:16,2020.08.15 18:00:00,2020.08.15 18:00:16,Resolved QFP,37.537062,11.037041
2020.08.15 18:28:26,2020.08.15 18:28:26,,,,
2020.08.15 18:30:06,2020.08.15 18:30:00,2020.08.15 18:30:06,Resolved QFP,37.53988,11.03308
2020.08.15 20:00:00,2020.08.15 18:00:00,,,,
2020.08.15 20:32:23,2020.08.15 20:30:00,2020.08.15 20:32:23,Resolved QFP,37.554119,11.018808
2020.08.15 22:00:00,2020.08.15 20:00:00,,,,
2020.08.15 23:34:32,2020.08.15 23:30:00,2020.08.15 23:34:32,Resolved QFP,37.560924,11.006712
2020.08.16 00:00:00,2020.08.15 22:00:00,,,,
2020.08.16 00:00:00,2020.08.16 00:00:00,,,,
2020.08.16 00:00:04,2020.08.16 00:00:00,2020.08.16 00:00:04,Resolved QFP (Uncertain),37.562944,11.002954
2020.08.16 00:30:07,2020.08.16 00:30:00,2020.08.16 00:30:07,Resolved QFP,37.563497,11.000713
2020.08.16 01:06:54,2020.08.16 01:00:00,2020.08.16 01:06:54,Unresolved QFP,37.566627,10.99484
2020.08.16 02:00:00,2020.08.16 00:00:00,,,,
2020.08.16 02:00:06,2020.08.16 02:00:00,2020.08.16 02:00:06,Resolved QFP,37.573136,10.984301
2020.08.16 02:31:52,2020.08.16 02:30:00,2020.08.16 02:31:52,Resolved QFP,37.576361,10.9795
2020.08.16 03:03:48,2020.08.16 03:00:00,2020.08.16 03:03:48,Resolved QFP,37.578625,10.976462
2020.08.16 04:00:00,2020.08.16 02:00:00,,,,
2020.08.16 04:02:27,2020.08.16 04:00:00,2020.08.16 04:02:27,Resolved QFP,37.585182,10.958394
2020.08.16 04:37:10,2020.08.16 04:37:10,,,,
2020.08.16 05:11:35,2020.08.16 05:00:00,2020.08.16 05:11:35,Resolved QFP,37.601505,10.941607
2020.08.16 05:41:30,2020.08.16 05:30:00,2020.08.16 05:41:30,Resolved QFP,37.610195,10.934661
2020.08.16 06:00:00,2020.08.16 04:00:00,,,,
2020.08.16 06:12:59,2020.08.16 06:00:00,2020.08.16 06:12:59,Resolved QFP,37.617598,10.92937
2020.08.16 06:36:19,2020.08.16 06:30:00,2020.08.16 06:36:19,Resolved QFP,37.622314,10.927939
2020.08.16 07:10:10,2020.08.16 07:00:00,2020.08.16 07:10:10,Resolved QFP,37.631766,10.924279
2020.08.16 07:31:23,2020.08.16 07:30:00,2020.08.16 07:31:23,Resolved QFP,37.640835,10.922048
2020.08.16 08:00:00,2020.08.16 06:00:00,,,,
2020.08.16 08:34:50,2020.08.16 08:34:50,,,,
2020.08.16 08:34:59,2020.08.16 08:30:00,2020.08.16 08:34:59,Resolved QFP,37.663765,10.922554
2020.08.16 10:00:00,2020.08.16 08:00:00,,,,
2020.08.16 10:19:17,2020.08.16 10:19:17,,,,
2020.08.16 12:00:00,2020.08.16 10:00:00,,,,
2020.08.16 12:00:00,2020.08.16 12:00:00,,,,
2020.08.16 13:19:18,2020.08.16 13:00:00,2020.08.16 13:19:18,Resolved QFP,37.733648,10.92953
2020.08.16 14:00:00,2020.08.16 12:00:00,,,,
2020.08.16 14:47:54,2020.08.16 14:30:00,2020.08.16 14:47:54,Resolved QFP,37.745163,10.919863
2020.08.16 15:17:45,2020.08.16 15:00:00,2020.08.16 15:17:45,Resolved QFP,37.748999,10.917378
2020.08.16 15:53:06,2020.08.16 15:30:00,2020.08.16 15:53:06,Resolved QFP,37.755179,10.913662
2020.08.16 16:00:00,2020.08.16 14:00:00,,,,
2020.08.16 16:41:43,2020.08.16 16:30:00,2020.08.16 16:41:43,Resolved QFP,37.763838,10.91071
2020.08.16 17:28:56,2020.08.16 17:00:00,2020.08.16 17:28:56,Resolved QFP,37.771782,10.90946
2020.08.16 18:00:00,2020.08.16 16:00:00,,,,
2020.08.16 18:14:25,2020.08.16 18:14:25,,,,
2020.08.16 18:47:16,2020.08.16 18:30:00,2020.08.16 18:47:16,Resolved QFP,37.776491,10.910811
2020.08.16 19:13:10,2020.08.16 19:00:00,2020.08.16 19:13:10,Resolved QFP,37.776665,10.912745
2020.08.16 19:42:34,2020.08.16 19:30:00,2020.08.16 19:42:34,Resolved QFP (Uncertain),37.779018,10.914631
2020.08.16 20:00:00,2020.08.16 18:00:00,,,,
2020.08.16 21:01:48,2020.08.16 21:00:00,2020.08.16 21:01:48,Resolved QFP,37.77923,10.912859
2020.08.16 22:00:00,2020.08.16 20:00:00,,,,
2020.08.16 22:42:45,2020.08.16 22:30:00,2020.08.16 22:42:45,Resolved QFP,37.770263,10.8942
2020.08.16 23:03:22,2020.08.16 23:00:00,2020.08.16 23:03:22,Resolved QFP,37.770912,10.889054
2020.08.16 23:47:59,2020.08.16 23:30:00,2020.08.16 23:47:59,Resolved QFP,37.768618,10.877632
2020.08.17 00:00:00,2020.08.16 22:00:00,,,,
2020.08.17 00:00:00,2020.08.17 00:00:00,,,,
2020.08.17 01:04:09,2020.08.17 01:00:00,2020.08.17 01:04:09,Resolved QFP (Uncertain),37.777394,10.856789
2020.08.17 01:26:23,2020.08.17 01:26:23,,,,
2020.08.17 02:00:00,2020.08.17 00:00:00,,,,
2020.08.17 03:00:10,2020.08.17 03:00:00,2020.08.17 03:00:10,Resolved QFP (Uncertain),37.777886,10.847758
2020.08.17 04:00:00,2020.08.17 02:00:00,,,,
2020.08.17 05:00:32,2020.08.17 05:00:00,2020.08.17 05:00:32,Resolved QFP,37.805547,10.843313
2020.08.17 06:00:00,2020.08.17 04:00:00,,,,
2020.08.17 07:00:12,2020.08.17 07:00:00,2020.08.17 07:00:12,Resolved QFP,37.819965,10.849353
2020.08.17 08:00:00,2020.08.17 06:00:00,,,,
2020.08.17 10:00:00,2020.08.17 08:00:00,,,,
2020.08.17 12:00:00,2020.08.17 10:00:00,,,,
2020.08.17 12:00:00,2020.08.17 12:00:00,,,,
2020.08.17 14:00:00,2020.08.17 12:00:00,,,,
2020.08.17 16:00:00,2020.08.17 14:00:00,,,,
2020.08.17 17:02:52,2020.08.17 17:00:00,2020.08.17 17:02:52,Resolved QFP,37.897351,10.74514
2020.08.17 18:00:00,2020.08.17 16:00:00,,,,
2020.08.17 18:35:13,2020.08.17 18:35:13,,,,
2020.08.17 20:00:00,2020.08.17 18:00:00,,,,
2020.08.17 22:00:00,2020.08.17 20:00:00,,,,
2020.08.18 00:00:00,2020.08.17 22:00:00,,,,
2020.08.18 00:00:00,2020.08.18 00:00:00,,,,
2020.08.18 00:00:22,2020.08.18 00:00:00,2020.08.18 00:00:22,Resolved QFP,37.935533,10.762192
2020.08.18 02:00:00,2020.08.18 00:00:00,,,,
2020.08.18 04:00:00,2020.08.18 02:00:00,,,,
2020.08.18 05:05:55,2020.08.18 05:00:00,2020.08.18 05:05:55,Resolved QFP,37.906276,10.693974
2020.08.18 06:00:00,2020.08.18 04:00:00,,,,
2020.08.18 06:20:52,2020.08.18 06:00:00,2020.08.18 06:20:52,Resolved QFP,37.906226,10.672468
2020.08.18 06:21:03,2020.08.18 06:21:03,,,,
2020.08.18 08:00:00,2020.08.18 06:00:00,,,,
2020.08.18 08:00:52,2020.08.18 08:00:00,2020.08.18 08:00:52,Resolved QFP,37.920637,10.647811
2020.08.18 10:00:00,2020.08.18 08:00:00,,,,
2020.08.18 10:10:20,2020.08.18 10:00:00,2020.08.18 10:10:20,Resolved QFP,37.944339,10.6187
2020.08.18 11:00:14,2020.08.18 11:00:00,2020.08.18 11:00:14,Resolved QFP,37.952944,10.613793
2020.08.18 12:00:00,2020.08.18 10:00:00,,,,
2020.08.18 12:00:00,2020.08.18 12:00:00,,,,
2020.08.18 13:16:48,2020.08.18 13:00:00,2020.08.18 13:16:48,Resolved QFP,37.966251,10.609191
2020.08.18 14:00:00,2020.08.18 12:00:00,,,,
2020.08.18 15:16:19,2020.08.18 15:00:00,2020.08.18 15:16:19,Resolved QFP,37.970686,10.60911
2020.08.18 16:00:00,2020.08.18 14:00:00,,,,
2020.08.18 16:17:05,2020.08.18 16:00:00,2020.08.18 16:17:05,Resolved QFP,37.972771,10.609061
2020.08.18 18:00:00,2020.08.18 16:00:00,,,,
2020.08.18 18:28:22,2020.08.18 18:28:22,,,,
2020.08.18 18:28:46,2020.08.18 18:00:00,2020.08.18 18:28:46,Resolved QFP,37.97867,10.613078
2020.08.18 20:00:00,2020.08.18 18:00:00,,,,
2020.08.18 22:00:00,2020.08.18 20:00:00,,,,
2020.08.18 22:00:06,2020.08.18 22:00:00,2020.08.18 22:00:06,Resolved QFP,37.9778,10.614031
2020.08.19 00:00:00,2020.08.18 22:00:00,,,,
2020.08.19 00:00:00,2020.08.19 00:00:00,,,,
2020.08.19 01:00:34,2020.08.19 01:00:00,2020.08.19 01:00:34,Resolved QFP (Uncertain),37.984485,10.600694
2020.08.19 02:00:00,2020.08.19 00:00:00,,,,
2020.08.19 04:00:00,2020.08.19 02:00:00,,,,
2020.08.19 05:12:46,2020.08.19 05:00:00,2020.08.19 05:12:46,Resolved QFP,37.984391,10.572494
2020.08.19 06:00:00,2020.08.19 04:00:00,,,,
2020.08.19 06:06:56,2020.08.19 06:00:00,2020.08.19 06:06:56,Resolved QFP,37.986951,10.571009
2020.08.19 06:07:07,2020.08.19 06:07:07,,,,
2020.08.19 07:09:10,2020.08.19 07:00:00,2020.08.19 07:09:10,Resolved QFP,37.992676,10.566063
2020.08.19 08:00:00,2020.08.19 06:00:00,,,,
2020.08.19 08:00:04,2020.08.19 08:00:00,2020.08.19 08:00:04,Resolved QFP,38.001714,10.563018
2020.08.19 09:01:52,2020.08.19 09:00:00,2020.08.19 09:01:52,Resolved QFP,38.013664,10.557254
2020.08.19 10:00:00,2020.08.19 08:00:00,,,,
2020.08.19 11:13:46,2020.08.19 11:00:00,2020.08.19 11:13:46,Resolved QFP,38.040448,10.5433
2020.08.19 12:00:00,2020.08.19 10:00:00,,,,
2020.08.19 12:00:00,2020.08.19 12:00:00,,,,
2020.08.19 12:07:29,2020.08.19 12:00:00,2020.08.19 12:07:29,Resolved QFP,38.045986,10.545625
2020.08.19 13:16:16,2020.08.19 13:00:00,2020.08.19 13:16:16,Resolved QFP,38.050456,10.54754
2020.08.19 14:00:00,2020.08.19 12:00:00,,,,
2020.08.19 14:14:11,2020.08.19 14:14:11,,,,
2020.08.19 14:14:23,2020.08.19 14:00:00,2020.08.19 14:14:23,Resolved QFP,38.055104,10.547944
2020.08.19 15:02:14,2020.08.19 15:00:00,2020.08.19 15:02:14,Resolved QFP,38.059351,10.547622
2020.08.19 16:00:00,2020.08.19 14:00:00,,,,
2020.08.19 17:08:43,2020.08.19 17:00:00,2020.08.19 17:08:43,Resolved QFP,38.071608,10.543484
2020.08.19 18:00:00,2020.08.19 16:00:00,,,,
2020.08.19 20:00:00,2020.08.19 18:00:00,,,,
2020.08.19 22:00:00,2020.08.19 20:00:00,,,,
2020.08.19 22:00:09,2020.08.19 22:00:00,2020.08.19 22:00:09,Resolved QFP,38.117818,10.516906
2020.08.20 00:00:00,2020.08.19 22:00:00,,,,
2020.08.20 00:00:00,2020.08.20 00:00:00,,,,
2020.08.20 00:02:40,2020.08.20 00:00:00,2020.08.20 00:02:40,Unresolved QFP,38.151731,10.506087
2020.08.20 02:00:00,2020.08.20 00:00:00,,,,
2020.08.20 03:00:22,2020.08.20 03:00:00,2020.08.20 03:00:22,Resolved QFP,38.202847,10.519952
2020.08.20 04:00:00,2020.08.20 02:00:00,,,,
2020.08.20 04:27:56,2020.08.20 04:27:56,,,,
2020.08.20 05:00:25,2020.08.20 05:00:00,2020.08.20 05:00:25,Resolved QFP,38.240228,10.532955
2020.08.20 06:00:00,2020.08.20 04:00:00,,,,
2020.08.20 08:00:00,2020.08.20 06:00:00,,,,
2020.08.20 10:00:00,2020.08.20 08:00:00,,,,
2020.08.20 12:00:00,2020.08.20 10:00:00,,,,
2020.08.20 12:00:00,2020.08.20 12:00:00,,,,
2020.08.20 13:04:55,2020.08.20 13:00:00,2020.08.20 13:04:55,Resolved QFP,38.270311,10.443181
2020.08.20 14:00:00,2020.08.20 12:00:00,,,,
2020.08.20 15:00:35,2020.08.20 15:00:00,2020.08.20 15:00:35,Resolved QFP,38.26166,10.389767
2020.08.20 16:00:00,2020.08.20 14:00:00,,,,
2020.08.20 16:04:04,2020.08.20 16:00:00,2020.08.20 16:04:04,Resolved QFP,38.263847,10.36178
2020.08.20 16:04:14,2020.08.20 16:04:14,,,,
2020.08.20 18:00:00,2020.08.20 16:00:00,,,,
2020.08.20 20:00:00,2020.08.20 18:00:00,,,,
2020.08.20 22:00:00,2020.08.20 20:00:00,,,,
2020.08.21 00:00:00,2020.08.20 22:00:00,,,,
2020.08.21 00:00:00,2020.08.21 00:00:00,,,,
2020.08.21 02:00:00,2020.08.21 00:00:00,,,,
2020.08.21 04:00:00,2020.08.21 02:00:00,,,,
2020.08.21 04:50:33,2020.08.21 04:50:33,,,,
2020.08.21 05:20:17,2020.08.21 05:00:00,2020.08.21 05:20:17,Resolved QFP,38.369267,10.224282
2020.08.21 06:00:00,2020.08.21 04:00:00,,,,
2020.08.21 06:00:09,2020.08.21 06:00:00,2020.08.21 06:00:09,Resolved QFP,38.367856,10.214606
2020.08.21 08:00:00,2020.08.21 06:00:00,,,,
2020.08.21 10:00:00,2020.08.21 08:00:00,,,,
2020.08.21 12:00:00,2020.08.21 10:00:00,,,,
2020.08.21 12:00:00,2020.08.21 12:00:00,,,,
2020.08.21 14:00:00,2020.08.21 12:00:00,,,,
2020.08.21 15:41:46,2020.08.21 15:41:46,,,,
2020.08.21 16:00:00,2020.08.21 14:00:00,,,,
2020.08.21 17:05:04,2020.08.21 17:00:00,2020.08.21 17:05:04,Resolved QFP (Uncertain),38.424746,9.979753
2020.08.21 18:00:00,2020.08.21 16:00:00,,,,
2020.08.21 18:22:33,2020.08.21 18:00:00,2020.08.21 18:22:33,Resolved QFP,38.436204,9.96693
2020.08.21 20:00:00,2020.08.21 18:00:00,,,,
2020.08.21 22:00:00,2020.08.21 20:00:00,,,,
2020.08.22 00:00:00,2020.08.21 22:00:00,,,,
2020.08.22 00:00:00,2020.08.22 00:00:00,,,,
2020.08.22 02:00:00,2020.08.22 00:00:00,,,,
2020.08.22 04:00:00,2020.08.22 02:00:00,,,,
2020.08.22 06:00:00,2020.08.22 04:00:00,,,,
2020.08.22 07:04:57,2020.08.22 07:00:00,2020.08.22 07:04:57,Resolved QFP,38.46985,9.78376
2020.08.22 08:00:00,2020.08.22 06:00:00,,,,
2020.08.22 08:15:02,2020.08.22 08:00:00,2020.08.22 08:15:02,Resolved QFP,38.475942,9.764357
2020.08.22 10:00:00,2020.08.22 08:00:00,,,,
2020.08.22 12:00:00,2020.08.22 10:00:00,,,,
2020.08.22 12:00:00,2020.08.22 12:00:00,,,,
2020.08.22 14:00:00,2020.08.22 12:00:00,,,,
2020.08.22 14:44:10,2020.08.22 14:44:10,,,,
2020.08.22 15:09:16,2020.08.22 15:00:00,2020.08.22 15:09:16,Resolved QFP,38.519537,9.650214
2020.08.22 16:00:00,2020.08.22 14:00:00,,,,
2020.08.22 16:23:27,2020.08.22 16:00:00,2020.08.22 16:23:27,Resolved QFP,38.52102,9.626935
2020.08.22 17:01:29,2020.08.22 17:00:00,2020.08.22 17:01:29,Resolved QFP,38.516465,9.630857
2020.08.22 18:00:00,2020.08.22 16:00:00,,,,
2020.08.22 18:17:51,2020.08.22 18:00:00,2020.08.22 18:17:51,Resolved QFP,38.517839,9.622029
2020.08.22 19:37:27,2020.08.22 19:00:00,2020.08.22 19:37:27,Resolved QFP,38.520833,9.606831
2020.08.22 20:00:00,2020.08.22 18:00:00,,,,
2020.08.22 20:42:51,2020.08.22 20:42:51,,,,
2020.08.22 22:00:00,2020.08.22 20:00:00,,,,
2020.08.23 00:00:00,2020.08.22 22:00:00,,,,
2020.08.23 00:00:00,2020.08.23 00:00:00,,,,
2020.08.23 00:24:08,2020.08.23 00:00:00,2020.08.23 00:24:08,Resolved QFP,38.51561,9.514796
2020.08.23 02:00:00,2020.08.23 00:00:00,,,,
2020.08.23 04:00:00,2020.08.23 02:00:00,,,,
2020.08.23 05:02:27,2020.08.23 05:00:00,2020.08.23 05:02:27,Resolved QFP (Uncertain),38.526507,9.384656
2020.08.23 06:00:00,2020.08.23 04:00:00,,,,
2020.08.23 06:03:39,2020.08.23 06:00:00,2020.08.23 06:03:39,Resolved QFP,38.529322,9.357197
2020.08.23 08:00:00,2020.08.23 06:00:00,,,,
2020.08.23 08:11:18,2020.08.23 08:00:00,2020.08.23 08:11:18,Resolved QFP,38.53516,9.317774
2020.08.23 09:26:37,2020.08.23 09:00:00,2020.08.23 09:26:37,Resolved QFP,38.534456,9.309141
2020.08.23 09:26:50,2020.08.23 09:26:50,,,,
2020.08.23 10:00:00,2020.08.23 08:00:00,,,,
2020.08.23 10:11:17,2020.08.23 10:00:00,2020.08.23 10:11:17,Resolved QFP,38.536072,9.301289
2020.08.23 12:00:00,2020.08.23 10:00:00,,,,
2020.08.23 12:00:00,2020.08.23 12:00:00,,,,
2020.08.23 13:02:39,2020.08.23 13:00:00,2020.08.23 13:02:39,Resolved QFP,38.523732,9.267119
2020.08.23 14:00:00,2020.08.23 12:00:00,,,,
2020.08.23 15:15:51,2020.08.23 15:00:00,2020.08.23 15:15:51,Resolved QFP,38.499044,9.229923
2020.08.23 16:00:00,2020.08.23 14:00:00,,,,
2020.08.23 16:02:37,2020.08.23 16:00:00,2020.08.23 16:02:37,Resolved QFP,38.492611,9.215919
2020.08.23 18:00:00,2020.08.23 16:00:00,,,,
2020.08.23 18:11:44,2020.08.23 18:00:00,2020.08.23 18:11:44,Resolved QFP,38.480631,9.174921
2020.08.23 19:36:02,2020.08.23 19:00:00,2020.08.23 19:36:02,Resolved QFP (Uncertain),31.440929,13.346988
2020.08.23 20:00:00,2020.08.23 18:00:00,,,,
2020.08.23 22:00:00,2020.08.23 20:00:00,,,,
2020.08.24 00:00:00,2020.08.23 22:00:00,,,,
2020.08.24 00:00:00,2020.08.24 00:00:00,,,,
2020.08.24 02:00:00,2020.08.24 00:00:00,,,,
2020.08.24 04:00:00,2020.08.24 02:00:00,,,,
2020.08.24 05:16:30,2020.08.24 05:00:00,2020.08.24 05:16:30,Resolved QFP,38.435145,8.912085
2020.08.24 06:00:00,2020.08.24 04:00:00,,,,
2020.08.24 06:58:17,2020.08.24 07:00:00,2020.08.24 06:58:17,Unresolved QFP,40.791548,11.895998
2020.08.24 08:00:00,2020.08.24 06:00:00,,,,
2020.08.24 08:04:11,2020.08.24 08:00:00,2020.08.24 08:04:11,Resolved QFP,38.420819,8.860675
2020.08.24 10:00:00,2020.08.24 08:00:00,,,,
2020.08.24 12:00:00,2020.08.24 10:00:00,,,,
2020.08.24 12:00:00,2020.08.24 12:00:00,,,,
2020.08.24 14:00:00,2020.08.24 12:00:00,,,,
2020.08.24 16:00:00,2020.08.24 14:00:00,,,,
2020.08.24 16:02:35,2020.08.24 16:00:00,2020.08.24 16:02:35,Resolved QFP,38.261205,8.71275
2020.08.24 17:00:56,2020.08.24 17:00:00,2020.08.24 17:00:56,Resolved QFP,38.249203,8.679734
2020.08.24 17:17:32,2020.08.24 17:17:32,,,,
2020.08.24 17:17:52,2020.08.24 17:17:52,,,,
2020.08.24 18:00:00,2020.08.24 16:00:00,,,,
2020.08.24 18:06:18,2020.08.24 18:00:00,2020.08.24 18:06:18,Resolved QFP,38.242576,8.644584
2020.08.24 20:00:00,2020.08.24 18:00:00,,,,
2020.08.24 22:00:00,2020.08.24 20:00:00,,,,
2020.08.24 23:00:10,2020.08.24 23:00:00,2020.08.24 23:00:10,Resolved QFP,38.228532,8.495776
2020.08.25 00:00:00,2020.08.24 22:00:00,,,,
2020.08.25 00:00:00,2020.08.25 00:00:00,,,,
2020.08.25 00:05:52,2020.08.25 00:00:00,2020.08.25 00:05:52,Resolved QFP,38.229396,8.480218
2020.08.25 02:00:00,2020.08.25 00:00:00,,,,
2020.08.25 03:03:16,2020.08.25 03:00:00,2020.08.25 03:03:16,Unresolved QFP,38.23913,8.449173
2020.08.25 04:00:00,2020.08.25 02:00:00,,,,
2020.08.25 05:01:21,2020.08.25 05:00:00,2020.08.25 05:01:21,Resolved QFP,38.23882,8.420434
2020.08.25 06:00:00,2020.08.25 04:00:00,,,,
2020.08.25 06:20:08,2020.08.25 06:20:08,,,,
2020.08.25 08:00:00,2020.08.25 06:00:00,,,,
2020.08.25 10:00:00,2020.08.25 08:00:00,,,,
2020.08.25 11:00:19,2020.08.25 11:00:00,2020.08.25 11:00:19,Resolved QFP,38.227698,8.354512
2020.08.25 12:00:00,2020.08.25 10:00:00,,,,
2020.08.25 12:00:00,2020.08.25 12:00:00,,,,
2020.08.25 12:00:08,2020.08.25 12:00:00,2020.08.25 12:00:08,Resolved QFP,38.220417,8.338752
2020.08.25 14:00:00,2020.08.25 12:00:00,,,,
2020.08.25 16:00:00,2020.08.25 14:00:00,,,,
2020.08.25 16:03:50,2020.08.25 16:00:00,2020.08.25 16:03:50,Resolved QFP,38.190861,8.266598
2020.08.25 18:00:00,2020.08.25 16:00:00,,,,
2020.08.25 18:11:13,2020.08.25 18:00:00,2020.08.25 18:11:13,Resolved QFP,38.190272,8.232155
2020.08.25 20:00:00,2020.08.25 18:00:00,,,,
2020.08.25 22:00:00,2020.08.25 20:00:00,,,,
2020.08.26 00:00:00,2020.08.25 22:00:00,,,,
2020.08.26 00:00:00,2020.08.26 00:00:00,,,,
2020.08.26 01:09:49,2020.08.26 01:00:00,2020.08.26 01:09:49,Unresolved QFP,36.741122,10.545074
2020.08.26 02:00:00,2020.08.26 00:00:00,,,,
2020.08.26 03:12:34,2020.08.26 03:00:00,2020.08.26 03:12:34,Resolved QFP,38.185424,8.169354
2020.08.26 04:00:00,2020.08.26 02:00:00,,,,
2020.08.26 04:59:11,2020.08.26 04:59:11,,,,
2020.08.26 05:00:09,2020.08.26 05:00:00,2020.08.26 05:00:09,Resolved QFP,38.182988,8.149639
2020.08.26 06:00:00,2020.08.26 04:00:00,,,,
2020.08.26 06:01:56,2020.08.26 06:00:00,2020.08.26 06:01:56,Resolved QFP,38.184396,8.139301
2020.08.26 07:00:23,2020.08.26 07:00:00,2020.08.26 07:00:23,Resolved QFP (Uncertain),38.188573,8.127964
2020.08.26 08:00:00,2020.08.26 06:00:00,,,,
2020.08.26 08:21:07,2020.08.26 08:00:00,2020.08.26 08:21:07,Resolved QFP,38.194823,8.115836
2020.08.26 08:21:29,2020.08.26 08:21:29,,,,
2020.08.26 10:00:00,2020.08.26 08:00:00,,,,
2020.08.26 12:00:00,2020.08.26 10:00:00,,,,
2020.08.26 12:00:00,2020.08.26 12:00:00,,,,
2020.08.26 13:00:53,2020.08.26 13:00:00,2020.08.26 13:00:53,Resolved QFP,38.186292,8.061927
2020.08.26 14:00:00,2020.08.26 12:00:00,,,,
2020.08.26 16:00:00,2020.08.26 14:00:00,,,,
2020.08.26 16:13:27,2020.08.26 16:00:00,2020.08.26 16:13:27,Resolved QFP,38.165951,8.021689
2020.08.26 17:07:37,2020.08.26 17:00:00,2020.08.26 17:07:37,Resolved QFP,38.162095,8.008371
2020.08.26 18:00:00,2020.08.26 16:00:00,,,,
2020.08.26 18:12:49,2020.08.26 18:00:00,2020.08.26 18:12:49,Unresolved QFP,38.16579,7.997674
2020.08.26 20:00:00,2020.08.26 18:00:00,,,,
2020.08.26 20:05:28,2020.08.26 20:00:00,2020.08.26 20:05:28,Resolved QFP,38.170034,7.980889
2020.08.26 22:00:00,2020.08.26 20:00:00,,,,
2020.08.27 00:00:00,2020.08.26 22:00:00,,,,
2020.08.27 00:00:00,2020.08.27 00:00:00,,,,
2020.08.27 01:04:07,2020.08.27 01:00:00,2020.08.27 01:04:07,Resolved QFP,38.174748,7.945115
2020.08.27 02:00:00,2020.08.27 00:00:00,,,,
2020.08.27 04:00:00,2020.08.27 02:00:00,,,,
2020.08.27 06:00:00,2020.08.27 04:00:00,,,,
2020.08.27 06:07:52,2020.08.27 06:00:00,2020.08.27 06:07:52,Resolved QFP,38.181269,7.921588
2020.08.27 07:12:49,2020.08.27 07:00:00,2020.08.27 07:12:49,Resolved QFP,38.176865,7.907951
2020.08.27 08:00:00,2020.08.27 06:00:00,,,,
2020.08.27 09:08:23,2020.08.27 09:00:00,2020.08.27 09:08:23,Resolved QFP,38.175236,7.878815
2020.08.27 10:00:00,2020.08.27 08:00:00,,,,
2020.08.27 10:02:08,2020.08.27 10:00:00,2020.08.27 10:02:08,Resolved QFP,38.17149,7.862566
2020.08.27 12:00:00,2020.08.27 10:00:00,,,,
2020.08.27 12:00:00,2020.08.27 12:00:00,,,,
2020.08.27 14:00:00,2020.08.27 12:00:00,,,,
2020.08.27 14:01:09,2020.08.27 14:00:00,2020.08.27 14:01:09,Resolved QFP,38.147335,7.808346
2020.08.27 16:00:00,2020.08.27 14:00:00,,,,
2020.08.27 16:05:56,2020.08.27 16:05:56,,,,
2020.08.27 16:06:09,2020.08.27 16:06:09,,,,
2020.08.27 17:15:30,2020.08.27 17:00:00,2020.08.27 17:15:30,Resolved QFP,38.133093,7.78709
2020.08.27 18:00:00,2020.08.27 16:00:00,,,,
2020.08.27 18:04:06,2020.08.27 18:00:00,2020.08.27 18:04:06,Resolved QFP,38.131609,7.782972
2020.08.27 20:00:00,2020.08.27 18:00:00,,,,
2020.08.27 21:17:17,2020.08.27 21:00:00,2020.08.27 21:17:17,Resolved QFP,38.123602,7.78575
2020.08.27 22:00:00,2020.08.27 20:00:00,,,,
2020.08.27 23:00:07,2020.08.27 23:00:00,2020.08.27 23:00:07,Resolved QFP,38.12406,7.777625
2020.08.28 00:00:00,2020.08.27 22:00:00,,,,
2020.08.28 00:00:00,2020.08.28 00:00:00,,,,
2020.08.28 02:00:00,2020.08.28 00:00:00,,,,
2020.08.28 02:02:43,2020.08.28 02:00:00,2020.08.28 02:02:43,Resolved QFP,38.129664,7.772831
2020.08.28 04:00:00,2020.08.28 02:00:00,,,,
2020.08.28 04:00:08,2020.08.28 04:00:00,2020.08.28 04:00:08,Resolved QFP,38.139037,7.774149
2020.08.28 06:00:00,2020.08.28 04:00:00,,,,
2020.08.28 07:14:16,2020.08.28 07:14:16,,,,
2020.08.28 07:14:36,2020.08.28 07:00:00,2020.08.28 07:14:36,Resolved QFP,38.145612,7.749793
2020.08.28 08:00:00,2020.08.28 06:00:00,,,,
2020.08.28 08:09:07,2020.08.28 08:00:00,2020.08.28 08:09:07,Resolved QFP,38.145516,7.748577
2020.08.28 09:08:05,2020.08.28 09:00:00,2020.08.28 09:08:05,Resolved QFP,38.1458,7.750108
2020.08.28 10:00:00,2020.08.28 08:00:00,,,,
2020.08.28 10:00:06,2020.08.28 10:00:00,2020.08.28 10:00:06,Resolved QFP,38.147285,7.749218
2020.08.28 10:00:19,2020.08.28 10:00:19,,,,
2020.08.28 11:00:15,2020.08.28 11:00:00,2020.08.28 11:00:15,Resolved QFP (Uncertain),38.146137,7.750025
2020.08.28 12:00:00,2020.08.28 10:00:00,,,,
2020.08.28 12:00:00,2020.08.28 12:00:00,,,,
2020.08.28 12:00:17,2020.08.28 12:00:00,2020.08.28 12:00:17,Resolved QFP,38.141978,7.750435
2020.08.28 14:00:00,2020.08.28 12:00:00,,,,
2020.08.28 14:01:37,2020.08.28 14:00:00,2020.08.28 14:01:37,Resolved QFP,38.131525,7.744688
2020.08.28 16:00:00,2020.08.28 14:00:00,,,,
2020.08.28 16:15:56,2020.08.28 16:00:00,2020.08.28 16:15:56,Resolved QFP,38.135632,7.737547
2020.08.28 18:00:00,2020.08.28 16:00:00,,,,
2020.08.28 18:23:48,2020.08.28 18:00:00,2020.08.28 18:23:48,Resolved QFP,38.133277,7.71253
2020.08.28 20:00:00,2020.08.28 18:00:00,,,,
2020.08.28 20:02:54,2020.08.28 20:00:00,2020.08.28 20:02:54,Resolved QFP,38.146581,7.690281
2020.08.28 21:06:09,2020.08.28 21:00:00,2020.08.28 21:06:09,Resolved QFP,38.148464,7.67862
2020.08.28 21:43:28,2020.08.28 21:43:28,,,,
2020.08.28 22:00:00,2020.08.28 20:00:00,,,,
2020.08.28 22:10:41,2020.08.28 22:00:00,2020.08.28 22:10:41,Resolved QFP,38.152492,7.665616
2020.08.29 00:00:00,2020.08.28 22:00:00,,,,
2020.08.29 00:00:00,2020.08.29 00:00:00,,,,
2020.08.29 02:00:00,2020.08.29 00:00:00,,,,
2020.08.29 02:03:59,2020.08.29 02:00:00,2020.08.29 02:03:59,Resolved QFP,38.184837,7.649803
2020.08.29 04:00:00,2020.08.29 02:00:00,,,,
2020.08.29 04:03:55,2020.08.29 04:00:00,2020.08.29 04:03:55,Unresolved QFP,38.21845,7.68051
2020.08.29 06:00:00,2020.08.29 04:00:00,,,,
2020.08.29 08:00:00,2020.08.29 06:00:00,,,,
2020.08.29 09:07:53,2020.08.29 09:00:00,2020.08.29 09:07:53,Resolved QFP,38.195526,7.61166
2020.08.29 09:08:02,2020.08.29 09:08:02,,,,
2020.08.29 10:00:00,2020.08.29 08:00:00,,,,
2020.08.29 12:00:00,2020.08.29 10:00:00,,,,
2020.08.29 12:00:00,2020.08.29 12:00:00,,,,
2020.08.29 12:55:45,2020.08.29 12:00:00,2020.08.29 12:55:45,Resolved QFP,38.202806,7.56021
2020.08.29 13:18:20,2020.08.29 13:00:00,2020.08.29 13:18:20,Resolved QFP,38.201675,7.554286
2020.08.29 14:00:00,2020.08.29 12:00:00,,,,
2020.08.29 14:03:51,2020.08.29 14:00:00,2020.08.29 14:03:51,Resolved QFP,38.199049,7.544207
2020.08.29 16:00:00,2020.08.29 14:00:00,,,,
2020.08.29 16:17:09,2020.08.29 16:00:00,2020.08.29 16:17:09,Resolved QFP,38.192864,7.515809
2020.08.29 18:00:00,2020.08.29 16:00:00,,,,
2020.08.29 18:02:52,2020.08.29 18:00:00,2020.08.29 18:02:52,Resolved QFP,38.192235,7.493241
2020.08.29 18:49:27,2020.08.29 18:49:27,,,,
2020.08.29 20:00:00,2020.08.29 18:00:00,,,,
2020.08.29 21:02:56,2020.08.29 21:00:00,2020.08.29 21:02:56,Resolved QFP,38.191168,7.466525
2020.08.29 22:00:00,2020.08.29 20:00:00,,,,
2020.08.29 22:07:44,2020.08.29 22:00:00,2020.08.29 22:07:44,Resolved QFP (Uncertain),38.189392,7.458999
2020.08.30 00:00:00,2020.08.29 22:00:00,,,,
2020.08.30 00:00:00,2020.08.30 00:00:00,,,,
2020.08.30 02:00:00,2020.08.30 00:00:00,,,,
2020.08.30 04:00:00,2020.08.30 02:00:00,,,,
2020.08.30 04:00:08,2020.08.30 04:00:00,2020.08.30 04:00:08,Resolved QFP,38.15407,7.453905
2020.08.30 05:05:28,2020.08.30 05:00:00,2020.08.30 05:05:28,Resolved QFP,38.142391,7.451163
2020.08.30 06:00:00,2020.08.30 04:00:00,,,,
2020.08.30 07:10:28,2020.08.30 07:00:00,2020.08.30 07:10:28,Unresolved QFP,37.934527,8.791929
2020.08.30 08:00:00,2020.08.30 06:00:00,,,,
2020.08.30 08:08:56,2020.08.30 08:00:00,2020.08.30 08:08:56,Resolved QFP,38.135779,7.422287
2020.08.30 08:34:57,2020.08.30 08:34:57,,,,
2020.08.30 09:14:50,2020.08.30 09:00:00,2020.08.30 09:14:50,Resolved QFP,38.138448,7.418309
2020.08.30 10:00:00,2020.08.30 08:00:00,,,,
2020.08.30 10:01:32,2020.08.30 10:00:00,2020.08.30 10:01:32,Resolved QFP,38.14151,7.410148
2020.08.30 11:01:05,2020.08.30 11:00:00,2020.08.30 11:01:05,Resolved QFP,38.150603,7.402793
2020.08.30 12:00:00,2020.08.30 10:00:00,,,,
2020.08.30 12:00:00,2020.08.30 12:00:00,,,,
2020.08.30 12:00:52,2020.08.30 12:00:00,2020.08.30 12:00:52,Unresolved QFP,38.154161,7.394466
2020.08.30 13:04:41,2020.08.30 13:00:00,2020.08.30 13:04:41,Resolved QFP (Uncertain),38.144809,7.373384
2020.08.30 14:00:00,2020.08.30 12:00:00,,,,
2020.08.30 16:00:00,2020.08.30 14:00:00,,,,
2020.08.30 16:03:20,2020.08.30 16:00:00,2020.08.30 16:03:20,Resolved QFP,38.136049,7.330274
2020.08.30 17:10:38,2020.08.30 17:00:00,2020.08.30 17:10:38,Unresolved QFP,38.129733,7.324623
2020.08.30 17:49:07,2020.08.30 17:49:07,,,,
2020.08.30 18:00:00,2020.08.30 16:00:00,,,,
2020.08.30 18:14:14,2020.08.30 18:00:00,2020.08.30 18:14:14,Resolved QFP,38.143487,7.302732
2020.08.30 20:00:00,2020.08.30 18:00:00,,,,
2020.08.30 20:02:17,2020.08.30 20:00:00,2020.08.30 20:02:17,Resolved QFP,38.152132,7.286105
2020.08.30 22:00:00,2020.08.30 20:00:00,,,,
2020.08.30 22:13:51,2020.08.30 22:00:00,2020.08.30 22:13:51,Resolved QFP,38.162593,7.273302
2020.08.30 23:11:49,2020.08.30 23:00:00,2020.08.30 23:11:49,Resolved QFP,38.166368,7.268636
2020.08.31 00:00:00,2020.08.30 22:00:00,,,,
2020.08.31 00:00:00,2020.08.31 00:00:00,,,,
2020.08.31 02:00:00,2020.08.31 00:00:00,,,,
2020.08.31 03:18:50,2020.08.31 03:00:00,2020.08.31 03:18:50,Resolved QFP,38.174028,7.248527
2020.08.31 04:00:00,2020.08.31 02:00:00,,,,
2020.08.31 06:00:00,2020.08.31 04:00:00,,,,
2020.08.31 06:00:09,2020.08.31 06:00:00,2020.08.31 06:00:09,Resolved QFP,38.170211,7.236633
2020.08.31 06:34:12,2020.08.31 06:34:12,,,,
2020.08.31 07:24:12,2020.08.31 07:00:00,2020.08.31 07:24:12,Resolved QFP,38.173993,7.22841
2020.08.31 08:00:00,2020.08.31 06:00:00,,,,
2020.08.31 08:25:13,2020.08.31 08:00:00,2020.08.31 08:25:13,Resolved QFP,38.175657,7.220243
2020.08.31 09:17:38,2020.08.31 09:00:00,2020.08.31 09:17:38,Resolved QFP,38.177917,7.221067
2020.08.31 10:00:00,2020.08.31 08:00:00,,,,
2020.08.31 10:18:33,2020.08.31 10:00:00,2020.08.31 10:18:33,Resolved QFP,38.18399,7.213523
2020.08.31 12:00:00,2020.08.31 10:00:00,,,,
2020.08.31 12:00:00,2020.08.31 12:00:00,,,,
2020.08.31 14:00:00,2020.08.31 12:00:00,,,,
2020.08.31 15:09:11,2020.08.31 15:00:00,2020.08.31 15:09:11,Resolved QFP (Uncertain),38.159185,7.188318
2020.08.31 16:00:00,2020.08.31 14:00:00,,,,
2020.08.31 16:21:11,2020.08.31 16:00:00,2020.08.31 16:21:11,Resolved QFP,38.157153,7.186678
2020.08.31 17:05:48,2020.08.31 17:05:48,,,,
2020.08.31 17:06:00,2020.08.31 17:00:00,2020.08.31 17:06:00,Resolved QFP,38.153549,7.187712
2020.08.31 18:00:00,2020.08.31 16:00:00,,,,
2020.08.31 18:00:07,2020.08.31 18:00:00,2020.08.31 18:00:07,Resolved QFP,38.149033,7.188715
2020.08.31 20:00:00,2020.08.31 18:00:00,,,,
2020.08.31 20:13:26,2020.08.31 20:00:00,2020.08.31 20:13:26,Resolved QFP,38.133122,7.190146
2020.08.31 21:15:23,2020.08.31 21:00:00,2020.08.31 21:15:23,Resolved QFP,38.122349,7.186879
2020.08.31 22:00:00,2020.08.31 20:00:00,,,,
2020.08.31 22:17:31,2020.08.31 22:00:00,2020.08.31 22:17:31,Resolved QFP,38.112776,7.183259
2020.08.31 23:19:31,2020.08.31 23:00:00,2020.08.31 23:19:31,Resolved QFP,38.104893,7.178835
2020.09.01 00:00:00,2020.08.31 22:00:00,,,,
2020.09.01 00:00:00,2020.09.01 00:00:00,,,,
2020.09.01 00:34:58,2020.09.01 00:00:00,2020.09.01 00:34:58,Resolved QFP,38.101754,7.178203
2020.09.01 00:35:09,2020.09.01 00:35:09,,,,
2020.09.01 02:00:00,2020.09.01 00:00:00,,,,
2020.09.01 02:13:06,2020.09.01 02:00:00,2020.09.01 02:13:06,Resolved QFP,38.09705,7.187537
2020.09.01 03:12:18,2020.09.01 03:00:00,2020.09.01 03:12:18,Resolved QFP,38.096614,7.187931
2020.09.01 04:00:00,2020.09.01 02:00:00,,,,
2020.09.01 04:21:22,2020.09.01 04:00:00,2020.09.01 04:21:22,Resolved QFP,38.096814,7.184752
2020.09.01 05:00:06,2020.09.01 05:00:00,2020.09.01 05:00:06,Resolved QFP,38.09828,7.182406
2020.09.01 06:00:00,2020.09.01 04:00:00,,,,
2020.09.01 07:00:06,2020.09.01 07:00:00,2020.09.01 07:00:06,Resolved QFP,38.103068,7.177405
2020.09.01 08:00:00,2020.09.01 06:00:00,,,,
2020.09.01 08:19:35,2020.09.01 08:00:00,2020.09.01 08:19:35,Resolved QFP,38.104641,7.187038
2020.09.01 08:19:47,2020.09.01 08:19:47,,,,
2020.09.01 09:12:55,2020.09.01 09:00:00,2020.09.01 09:12:55,Resolved QFP,38.104148,7.197052
2020.09.01 10:00:00,2020.09.01 08:00:00,,,,
2020.09.01 10:00:05,2020.09.01 10:00:00,2020.09.01 10:00:05,Resolved QFP,38.107868,7.207457
2020.09.01 12:00:00,2020.09.01 10:00:00,,,,
2020.09.01 12:00:00,2020.09.01 12:00:00,,,,
2020.09.01 12:06:23,2020.09.01 12:00:00,2020.09.01 12:06:23,Resolved QFP,38.109256,7.219796
2020.09.01 14:00:00,2020.09.01 12:00:00,,,,
2020.09.01 14:00:04,2020.09.01 14:00:00,2020.09.01 14:00:04,Resolved QFP,38.101919,7.240203
2020.09.01 15:05:31,2020.09.01 15:00:00,2020.09.01 15:05:31,Resolved QFP,38.09585,7.242645
2020.09.01 16:00:00,2020.09.01 14:00:00,,,,
2020.09.01 16:00:33,2020.09.01 16:00:00,2020.09.01 16:00:33,Resolved QFP,38.087396,7.249121
2020.09.01 17:02:28,2020.09.01 17:00:00,2020.09.01 17:02:28,Resolved QFP,38.08546,7.247923
2020.09.01 17:06:42,2020.09.01 17:06:42,,,,
2020.09.01 18:00:00,2020.09.01 16:00:00,,,,
2020.09.01 18:04:10,2020.09.01 18:00:00,2020.09.01 18:04:10,Resolved QFP,38.08519,7.246692
2020.09.01 19:21:04,2020.09.01 19:00:00,2020.09.01 19:21:04,Resolved QFP,38.080701,7.252427
2020.09.01 20:00:00,2020.09.01 18:00:00,,,,
2020.09.01 20:00:08,2020.09.01 20:00:00,2020.09.01 20:00:08,Resolved QFP,38.077669,7.253289
2020.09.01 21:06:44,2020.09.01 21:00:00,2020.09.01 21:06:44,Resolved QFP,38.074161,7.254779
2020.09.01 22:00:00,2020.09.01 20:00:00,,,,
2020.09.01 23:20:39,2020.09.01 23:00:00,2020.09.01 23:20:39,Resolved QFP,38.071249,7.253012
2020.09.02 00:00:00,2020.09.01 22:00:00,,,,
2020.09.02 00:00:00,2020.09.02 00:00:00,,,,
2020.09.02 00:07:26,2020.09.02 00:00:00,2020.09.02 00:07:26,Resolved QFP,38.070707,7.251602
2020.09.02 01:04:43,2020.09.02 01:00:00,2020.09.02 01:04:43,Resolved QFP (Uncertain),38.073228,7.250982
2020.09.02 02:00:00,2020.09.02 00:00:00,,,,
2020.09.02 02:05:25,2020.09.02 02:05:25,,,,
2020.09.02 04:00:00,2020.09.02 02:00:00,,,,
2020.09.02 04:02:57,2020.09.02 04:00:00,2020.09.02 04:02:57,Resolved QFP (Uncertain),38.079731,7.260215
2020.09.02 05:00:14,2020.09.02 05:00:00,2020.09.02 05:00:14,Resolved QFP,38.080248,7.264669
2020.09.02 06:00:00,2020.09.02 04:00:00,,,,
2020.09.02 06:00:06,2020.09.02 06:00:00,2020.09.02 06:00:06,Resolved QFP,38.083031,7.27021
2020.09.02 07:07:08,2020.09.02 07:00:00,2020.09.02 07:07:08,Resolved QFP,38.082155,7.27547
2020.09.02 08:00:00,2020.09.02 06:00:00,,,,
2020.09.02 08:14:04,2020.09.02 08:00:00,2020.09.02 08:14:04,Resolved QFP (Uncertain),38.081822,7.283128
2020.09.02 09:03:01,2020.09.02 09:00:00,2020.09.02 09:03:01,Resolved QFP,38.076617,7.297268
2020.09.02 10:00:00,2020.09.02 08:00:00,,,,
2020.09.02 10:07:19,2020.09.02 10:00:00,2020.09.02 10:07:19,Resolved QFP,38.077685,7.305201
2020.09.02 10:07:31,2020.09.02 10:07:31,,,,
2020.09.02 12:00:00,2020.09.02 10:00:00,,,,
2020.09.02 12:00:00,2020.09.02 12:00:00,,,,
2020.09.02 12:17:40,2020.09.02 12:00:00,2020.09.02 12:17:40,Resolved QFP,38.074314,7.313344
2020.09.02 14:00:00,2020.09.02 12:00:00,,,,
2020.09.02 14:06:43,2020.09.02 14:00:00,2020.09.02 14:06:43,Resolved QFP,38.060023,7.311675
2020.09.02 15:09:09,2020.09.02 15:00:00,2020.09.02 15:09:09,Resolved QFP (Uncertain),38.051932,7.308489
2020.09.02 16:00:00,2020.09.02 14:00:00,,,,
2020.09.02 16:03:18,2020.09.02 16:00:00,2020.09.02 16:03:18,Resolved QFP (Uncertain),38.046342,7.303732
2020.09.02 17:24:39,2020.09.02 17:00:00,2020.09.02 17:24:39,Resolved QFP,38.042064,7.297522
2020.09.02 18:00:00,2020.09.02 16:00:00,,,,
2020.09.02 18:00:06,2020.09.02 18:00:00,2020.09.02 18:00:06,Resolved QFP,38.043011,7.295851
2020.09.02 19:14:04,2020.09.02 19:00:00,2020.09.02 19:14:04,Resolved QFP,38.046679,7.299291
2020.09.02 19:14:15,2020.09.02 19:14:15,,,,
2020.09.02 20:00:00,2020.09.02 18:00:00,,,,
2020.09.02 20:06:53,2020.09.02 20:00:00,2020.09.02 20:06:53,Resolved QFP,38.044033,7.301405
2020.09.02 21:22:43,2020.09.02 21:00:00,2020.09.02 21:22:43,Resolved QFP,38.040746,7.30226
2020.09.02 22:00:00,2020.09.02 20:00:00,,,,
2020.09.02 22:23:20,2020.09.02 22:00:00,2020.09.02 22:23:20,Resolved QFP,38.037982,7.302401
2020.09.03 00:00:00,2020.09.02 22:00:00,,,,
2020.09.03 00:00:00,2020.09.03 00:00:00,,,,
2020.09.03 01:19:36,2020.09.03 01:00:00,2020.09.03 01:19:36,Resolved QFP,38.035041,7.310157
2020.09.03 02:00:00,2020.09.03 00:00:00,,,,
2020.09.03 04:00:00,2020.09.03 02:00:00,,,,
2020.09.03 05:15:38,2020.09.03 05:00:00,2020.09.03 05:15:38,Resolved QFP,38.018784,7.320074
2020.09.03 06:00:00,2020.09.03 04:00:00,,,,
2020.09.03 06:24:35,2020.09.03 06:00:00,2020.09.03 06:24:35,Resolved QFP,38.014794,7.313745
2020.09.03 06:24:43,2020.09.03 06:24:43,,,,
2020.09.03 07:00:05,2020.09.03 07:00:00,2020.09.03 07:00:05,Resolved QFP,38.01563,7.310438
2020.09.03 08:00:00,2020.09.03 06:00:00,,,,
2020.09.03 08:12:39,2020.09.03 08:00:00,2020.09.03 08:12:39,Resolved QFP,38.010577,7.311632
2020.09.03 10:00:00,2020.09.03 08:00:00,,,,
2020.09.03 10:06:29,2020.09.03 10:00:00,2020.09.03 10:06:29,Resolved QFP,38.0045,7.306332
2020.09.03 12:00:00,2020.09.03 10:00:00,,,,
2020.09.03 12:00:00,2020.09.03 12:00:00,,,,
2020.09.03 12:02:22,2020.09.03 12:00:00,2020.09.03 12:02:22,Resolved QFP,37.999851,7.287061
2020.09.03 13:14:47,2020.09.03 13:00:00,2020.09.03 13:14:47,Resolved QFP,37.992096,7.273108
2020.09.03 14:00:00,2020.09.03 12:00:00,,,,
2020.09.03 14:00:47,2020.09.03 14:00:00,2020.09.03 14:00:47,Resolved QFP,37.989048,7.266769
2020.09.03 14:01:02,2020.09.03 14:01:02,,,,
2020.09.03 15:22:44,2020.09.03 15:00:00,2020.09.03 15:22:44,Resolved QFP,37.98727,7.25405
2020.09.03 16:00:00,2020.09.03 14:00:00,,,,
2020.09.03 17:08:30,2020.09.03 17:00:00,2020.09.03 17:08:30,Resolved QFP,37.985199,7.241188
2020.09.03 18:00:00,2020.09.03 16:00:00,,,,
2020.09.03 18:17:20,2020.09.03 18:00:00,2020.09.03 18:17:20,Resolved QFP,37.986569,7.241263
2020.09.03 19:29:07,2020.09.03 19:00:00,2020.09.03 19:29:07,Resolved QFP,37.993799,7.242803
2020.09.03 20:00:00,2020.09.03 18:00:00,,,,
2020.09.03 20:08:39,2020.09.03 20:00:00,2020.09.03 20:08:39,Resolved QFP,37.997067,7.24499
2020.09.03 21:17:04,2020.09.03 21:00:00,2020.09.03 21:17:04,Resolved QFP,38.00042,7.247225
2020.09.03 22:00:00,2020.09.03 20:00:00,,,,
2020.09.03 22:19:46,2020.09.03 22:00:00,2020.09.03 22:19:46,Resolved QFP,38.002528,7.250129
2020.09.03 22:19:56,2020.09.03 22:19:56,,,,
2020.09.03 22:54:38,2020.09.03 22:54:38,,,,
2020.09.03 23:09:11,2020.09.03 23:00:00,2020.09.03 23:09:11,Resolved QFP,38.002742,7.2536
2020.09.04 00:00:00,2020.09.03 22:00:00,,,,
2020.09.04 00:00:00,2020.09.04 00:00:00,,,,
2020.09.04 00:05:55,2020.09.04 00:00:00,2020.09.04 00:05:55,Resolved QFP,38.001959,7.255075
2020.09.04 02:00:00,2020.09.04 00:00:00,,,,
2020.09.04 04:00:00,2020.09.04 02:00:00,,,,
2020.09.04 05:10:46,2020.09.04 05:00:00,2020.09.04 05:10:46,Resolved QFP,37.988013,7.246494
2020.09.04 06:00:00,2020.09.04 04:00:00,,,,
2020.09.04 06:04:44,2020.09.04 06:00:00,2020.09.04 06:04:44,Resolved QFP,37.988581,7.243171
2020.09.04 07:13:37,2020.09.04 07:00:00,2020.09.04 07:13:37,Resolved QFP,37.989036,7.239818
2020.09.04 08:00:00,2020.09.04 06:00:00,,,,
2020.09.04 08:23:47,2020.09.04 08:00:00,2020.09.04 08:23:47,Resolved QFP,37.992136,7.2362
2020.09.04 09:14:04,2020.09.04 09:14:04,,,,
2020.09.04 09:14:17,2020.09.04 09:00:00,2020.09.04 09:14:17,Resolved QFP,37.994473,7.234782
2020.09.04 10:00:00,2020.09.04 08:00:00,,,,
2020.09.04 10:00:04,2020.09.04 10:00:00,2020.09.04 10:00:04,Resolved QFP,37.996813,7.229126
2020.09.04 11:00:05,2020.09.04 11:00:00,2020.09.04 11:00:05,Resolved QFP,37.997676,7.222339
2020.09.04 12:00:00,2020.09.04 10:00:00,,,,
2020.09.04 12:00:00,2020.09.04 12:00:00,,,,
2020.09.04 12:00:06,2020.09.04 12:00:00,2020.09.04 12:00:06,Resolved QFP,37.999195,7.218464
2020.09.04 13:00:35,2020.09.04 13:00:00,2020.09.04 13:00:35,Resolved QFP,38.002445,7.216484
2020.09.04 14:00:00,2020.09.04 12:00:00,,,,
2020.09.04 14:09:03,2020.09.04 14:00:00,2020.09.04 14:09:03,Resolved QFP,38.003578,7.216705
2020.09.04 15:00:05,2020.09.04 15:00:00,2020.09.04 15:00:05,Resolved QFP,38.005704,7.214024
2020.09.04 15:00:15,2020.09.04 15:00:15,,,,
2020.09.04 16:00:00,2020.09.04 14:00:00,,,,
2020.09.04 16:04:02,2020.09.04 16:00:00,2020.09.04 16:04:02,Resolved QFP,38.004602,7.211705
2020.09.04 17:03:06,2020.09.04 17:00:00,2020.09.04 17:03:06,Resolved QFP,37.998641,7.215794
2020.09.04 18:00:00,2020.09.04 16:00:00,,,,
2020.09.04 18:08:25,2020.09.04 18:00:00,2020.09.04 18:08:25,Resolved QFP,37.990941,7.214746
2020.09.04 19:06:11,2020.09.04 19:00:00,2020.09.04 19:06:11,Resolved QFP,37.99233,7.218459
2020.09.04 20:00:00,2020.09.04 18:00:00,,,,
2020.09.04 20:25:40,2020.09.04 20:00:00,2020.09.04 20:25:40,Resolved QFP,37.989874,7.218326
2020.09.04 21:22:10,2020.09.04 21:00:00,2020.09.04 21:22:10,Resolved QFP,37.98619,7.215129
2020.09.04 22:00:00,2020.09.04 20:00:00,,,,
2020.09.04 22:00:22,2020.09.04 22:00:00,2020.09.04 22:00:22,Resolved QFP,37.984801,7.212316
2020.09.04 23:05:14,2020.09.04 23:00:00,2020.09.04 23:05:14,Resolved QFP,37.982015,7.206048
2020.09.05 00:00:00,2020.09.04 22:00:00,,,,
2020.09.05 00:00:00,2020.09.05 00:00:00,,,,
2020.09.05 00:05:50,2020.09.05 00:05:50,,,,
2020.09.05 00:06:13,2020.09.05 00:00:00,2020.09.05 00:06:13,Resolved QFP (Uncertain),37.981612,7.200482
2020.09.05 02:00:00,2020.09.05 00:00:00,,,,
2020.09.05 02:00:08,2020.09.05 02:00:00,2020.09.05 02:00:08,Resolved QFP,37.984419,7.186824
2020.09.05 04:00:00,2020.09.05 02:00:00,,,,
2020.09.05 04:03:31,2020.09.05 04:00:00,2020.09.05 04:03:31,Resolved QFP,37.991694,7.168778
2020.09.05 05:13:40,2020.09.05 05:00:00,2020.09.05 05:13:40,Resolved QFP,37.994416,7.165517
2020.09.05 06:00:00,2020.09.05 04:00:00,,,,
2020.09.05 06:26:25,2020.09.05 06:00:00,2020.09.05 06:26:25,Resolved QFP,37.994042,7.160875
2020.09.05 07:09:16,2020.09.05 07:00:00,2020.09.05 07:09:16,Resolved QFP,37.992993,7.160396
2020.09.05 08:00:00,2020.09.05 06:00:00,,,,
2020.09.05 08:20:08,2020.09.05 08:00:00,2020.09.05 08:20:08,Resolved QFP,37.994356,7.163224
2020.09.05 08:20:22,2020.09.05 08:20:22,,,,
2020.09.05 09:21:03,2020.09.05 09:00:00,2020.09.05 09:21:03,Resolved QFP,37.996129,7.16955
2020.09.05 10:00:00,2020.09.05 08:00:00,,,,
2020.09.05 10:04:46,2020.09.05 10:00:00,2020.09.05 10:04:46,Resolved QFP,37.99916,7.169435
2020.09.05 11:00:17,2020.09.05 11:00:00,2020.09.05 11:00:17,Resolved QFP,38.000843,7.175995
2020.09.05 12:00:00,2020.09.05 10:00:00,,,,
2020.09.05 12:00:00,2020.09.05 12:00:00,,,,
2020.09.05 13:16:40,2020.09.05 13:00:00,2020.09.05 13:16:40,Unresolved QFP,38.003349,7.185561
2020.09.05 14:00:00,2020.09.05 12:00:00,,,,
2020.09.05 15:00:45,2020.09.05 15:00:00,2020.09.05 15:00:45,Resolved QFP,38.00279,7.18742
2020.09.05 16:00:00,2020.09.05 14:00:00,,,,
2020.09.05 16:06:36,2020.09.05 16:00:00,2020.09.05 16:06:36,Succeeded,37.998582,7.17838
2020.09.05 17:22:27,2020.09.05 17:00:00,2020.09.05 17:22:27,Unresolved QFP,37.998397,7.16936
2020.09.05 18:00:00,2020.09.05 16:00:00,,,,
2020.09.05 18:31:18,2020.09.05 18:00:00,2020.09.05 18:31:18,Resolved QFP,37.997486,7.165426
2020.09.05 18:31:30,2020.09.05 18:31:30,,,,
2020.09.05 19:00:09,2020.09.05 19:00:00,2020.09.05 19:00:09,Resolved QFP,37.998134,7.166227
2020.09.05 20:00:00,2020.09.05 18:00:00,,,,
2020.09.05 21:14:25,2020.09.05 21:00:00,2020.09.05 21:14:25,Resolved QFP (Uncertain),37.997317,7.16782
2020.09.05 22:00:00,2020.09.05 20:00:00,,,,
2020.09.05 23:09:55,2020.09.05 23:00:00,2020.09.05 23:09:55,Resolved QFP,37.995062,7.166751
2020.09.06 00:00:00,2020.09.05 22:00:00,,,,
2020.09.06 00:00:00,2020.09.06 00:00:00,,,,
2020.09.06 00:02:29,2020.09.06 00:00:00,2020.09.06 00:02:29,Resolved QFP,37.994963,7.165361
2020.09.06 01:11:09,2020.09.06 01:00:00,2020.09.06 01:11:09,Resolved QFP,37.994055,7.165103
2020.09.06 02:00:00,2020.09.06 00:00:00,,,,
2020.09.06 04:00:00,2020.09.06 02:00:00,,,,
2020.09.06 05:13:52,2020.09.06 05:00:00,2020.09.06 05:13:52,Resolved QFP,37.981533,7.157052
2020.09.06 06:00:00,2020.09.06 04:00:00,,,,
2020.09.06 06:11:59,2020.09.06 06:11:59,,,,
2020.09.06 06:12:13,2020.09.06 06:00:00,2020.09.06 06:12:13,Resolved QFP,37.982497,7.152782
2020.09.06 07:04:15,2020.09.06 07:00:00,2020.09.06 07:04:15,Resolved QFP,37.981421,7.147979
2020.09.06 08:00:00,2020.09.06 06:00:00,,,,
2020.09.06 08:13:46,2020.09.06 08:00:00,2020.09.06 08:13:46,Resolved QFP,37.980347,7.146169
2020.09.06 09:05:33,2020.09.06 09:00:00,2020.09.06 09:05:33,Resolved QFP,37.98042,7.149744
2020.09.06 10:00:00,2020.09.06 08:00:00,,,,
2020.09.06 10:09:13,2020.09.06 10:00:00,2020.09.06 10:09:13,Resolved QFP,37.978683,7.141627
2020.09.06 11:08:08,2020.09.06 11:00:00,2020.09.06 11:08:08,Resolved QFP,37.976998,7.130711
2020.09.06 12:00:00,2020.09.06 10:00:00,,,,
2020.09.06 12:00:00,2020.09.06 12:00:00,,,,
2020.09.06 12:07:20,2020.09.06 12:00:00,2020.09.06 12:07:20,Resolved QFP,37.975973,7.121913
2020.09.06 12:42:52,2020.09.06 12:42:52,,,,
2020.09.06 13:10:07,2020.09.06 13:00:00,2020.09.06 13:10:07,Resolved QFP,37.971761,7.114847
2020.09.06 14:00:00,2020.09.06 12:00:00,,,,
2020.09.06 14:03:53,2020.09.06 14:00:00,2020.09.06 14:03:53,Unresolved QFP,37.968463,7.107898
2020.09.06 15:14:09,2020.09.06 15:00:00,2020.09.06 15:14:09,Resolved QFP,37.963995,7.100443
2020.09.06 16:00:00,2020.09.06 14:00:00,,,,
2020.09.06 16:14:10,2020.09.06 16:00:00,2020.09.06 16:14:10,Resolved QFP,37.96169,7.093811
2020.09.06 17:11:23,2020.09.06 17:00:00,2020.09.06 17:11:23,Resolved QFP,37.960946,7.086757
2020.09.06 18:00:00,2020.09.06 16:00:00,,,,
2020.09.06 18:10:04,2020.09.06 18:00:00,2020.09.06 18:10:04,Resolved QFP,37.963861,7.082642
2020.09.06 20:00:00,2020.09.06 18:00:00,,,,
2020.09.06 22:00:00,2020.09.06 20:00:00,,,,
2020.09.06 22:07:01,2020.09.06 22:00:00,2020.09.06 22:07:01,Resolved QFP,37.97496,7.084928
2020.09.06 22:40:13,2020.09.06 22:40:13,,,,
2020.09.07 00:00:00,2020.09.06 22:00:00,,,,
2020.09.07 00:00:00,2020.09.07 00:00:00,,,,
2020.09.07 00:14:28,2020.09.07 00:00:00,2020.09.07 00:14:28,Resolved QFP,37.975743,7.091617
2020.09.07 01:00:14,2020.09.07 01:00:00,2020.09.07 01:00:14,Resolved QFP,37.973509,7.092979
2020.09.07 02:00:00,2020.09.07 00:00:00,,,,
2020.09.07 04:00:00,2020.09.07 02:00:00,,,,
2020.09.07 06:00:00,2020.09.07 04:00:00,,,,
2020.09.07 06:13:27,2020.09.07 06:00:00,2020.09.07 06:13:27,Resolved QFP,37.95863,7.093927
2020.09.07 07:19:02,2020.09.07 07:00:00,2020.09.07 07:19:02,Resolved QFP,37.957438,7.08687
2020.09.07 08:00:00,2020.09.07 06:00:00,,,,
2020.09.07 08:16:55,2020.09.07 08:00:00,2020.09.07 08:16:55,Resolved QFP,37.960582,7.082244
2020.09.07 08:40:17,2020.09.07 08:40:17,,,,
2020.09.07 09:01:04,2020.09.07 09:01:04,,,,
2020.09.07 09:01:14,2020.09.07 09:00:00,2020.09.07 09:01:14,Resolved QFP,37.963761,7.081816
2020.09.07 10:00:00,2020.09.07 08:00:00,,,,
2020.09.07 12:00:00,2020.09.07 10:00:00,,,,
2020.09.07 12:00:00,2020.09.07 12:00:00,,,,
2020.09.07 13:00:15,2020.09.07 13:00:00,2020.09.07 13:00:15,Resolved QFP,37.958783,7.023903
2020.09.07 14:00:00,2020.09.07 12:00:00,,,,
2020.09.07 16:00:00,2020.09.07 14:00:00,,,,
2020.09.07 17:04:54,2020.09.07 17:00:00,2020.09.07 17:04:54,Resolved QFP,37.929326,6.944948
2020.09.07 18:00:00,2020.09.07 16:00:00,,,,
2020.09.07 18:22:14,2020.09.07 18:00:00,2020.09.07 18:22:14,Resolved QFP,37.928022,6.931534
2020.09.07 20:00:00,2020.09.07 18:00:00,,,,
2020.09.07 21:14:12,2020.09.07 21:00:00,2020.09.07 21:14:12,Unresolved QFP,37.933188,6.902506
2020.09.07 22:00:00,2020.09.07 20:00:00,,,,
2020.09.08 00:00:00,2020.09.07 22:00:00,,,,
2020.09.08 00:00:00,2020.09.08 00:00:00,,,,
2020.09.08 02:00:00,2020.09.08 00:00:00,,,,
2020.09.08 03:17:38,2020.09.08 03:00:00,2020.09.08 03:17:38,Resolved QFP,37.930218,6.842123
2020.09.08 04:00:00,2020.09.08 02:00:00,,,,
2020.09.08 05:16:16,2020.09.08 05:00:00,2020.09.08 05:16:16,Unresolved QFP,37.92887,6.820436
2020.09.08 06:00:00,2020.09.08 04:00:00,,,,
2020.09.08 06:04:19,2020.09.08 06:00:00,2020.09.08 06:04:19,Resolved QFP,37.928011,6.811941
2020.09.08 07:03:17,2020.09.08 07:00:00,2020.09.08 07:03:17,Resolved QFP,37.928526,6.803606
2020.09.08 07:45:00,2020.09.08 07:45:00,,,,
2020.09.08 08:00:00,2020.09.08 06:00:00,,,,
2020.09.08 08:22:40,2020.09.08 08:00:00,2020.09.08 08:22:40,Resolved QFP,37.929202,6.800151
2020.09.08 09:00:05,2020.09.08 09:00:00,2020.09.08 09:00:05,Resolved QFP,37.931325,6.79764
2020.09.08 10:00:00,2020.09.08 08:00:00,,,,
2020.09.08 10:09:05,2020.09.08 10:00:00,2020.09.08 10:09:05,Resolved QFP,37.933198,6.786851
2020.09.08 10:48:45,2020.09.08 10:48:45,,,,
2020.09.08 12:00:00,2020.09.08 10:00:00,,,,
2020.09.08 12:00:00,2020.09.08 12:00:00,,,,
2020.09.08 12:02:13,2020.09.08 12:00:00,2020.09.08 12:02:13,Resolved QFP,37.938233,6.770823
2020.09.08 13:20:51,2020.09.08 13:00:00,2020.09.08 13:20:51,Resolved QFP,37.940823,6.762506
2020.09.08 14:00:00,2020.09.08 12:00:00,,,,
2020.09.08 14:02:18,2020.09.08 14:00:00,2020.09.08 14:02:18,Resolved QFP,37.943222,6.757746
2020.09.08 16:00:00,2020.09.08 14:00:00,,,,
2020.09.08 16:16:25,2020.09.08 16:00:00,2020.09.08 16:16:25,Resolved QFP,37.946269,6.744138
2020.09.08 17:16:27,2020.09.08 17:00:00,2020.09.08 17:16:27,Resolved QFP,37.943519,6.740404
2020.09.08 18:00:00,2020.09.08 16:00:00,,,,
2020.09.08 18:18:42,2020.09.08 18:00:00,2020.09.08 18:18:42,Resolved QFP,37.939571,6.734261
2020.09.08 19:02:24,2020.09.08 19:00:00,2020.09.08 19:02:24,Unresolved QFP,37.93611,6.735424
2020.09.08 20:00:00,2020.09.08 18:00:00,,,,
2020.09.08 22:00:00,2020.09.08 20:00:00,,,,
2020.09.08 23:53:28,2020.09.08 23:53:28,,,,
2020.09.09 00:00:00,2020.09.08 22:00:00,,,,
2020.09.09 00:00:00,2020.09.09 00:00:00,,,,
2020.09.09 00:21:29,2020.09.09 00:00:00,2020.09.09 00:21:29,Resolved QFP,37.928987,6.719631
2020.09.09 02:00:00,2020.09.09 00:00:00,,,,
2020.09.09 02:19:21,2020.09.09 02:00:00,2020.09.09 02:19:21,Resolved QFP,37.92487,6.706256
2020.09.09 03:01:48,2020.09.09 03:00:00,2020.09.09 03:01:48,Resolved QFP,37.924731,6.701375
2020.09.09 04:00:00,2020.09.09 02:00:00,,,,
2020.09.09 04:16:51,2020.09.09 04:00:00,2020.09.09 04:16:51,Resolved QFP,37.927465,6.693518
2020.09.09 05:00:06,2020.09.09 05:00:00,2020.09.09 05:00:06,Resolved QFP,37.928493,6.687563
2020.09.09 06:00:00,2020.09.09 04:00:00,,,,
2020.09.09 06:02:25,2020.09.09 06:00:00,2020.09.09 06:02:25,Resolved QFP,37.930455,6.687242
2020.09.09 06:02:39,2020.09.09 06:02:39,,,,
2020.09.09 07:22:24,2020.09.09 07:00:00,2020.09.09 07:22:24,Resolved QFP,37.93322,6.682492
2020.09.09 08:00:00,2020.09.09 06:00:00,,,,
2020.09.09 08:00:47,2020.09.09 08:00:00,2020.09.09 08:00:47,Resolved QFP,37.934102,6.681681
2020.09.09 09:17:00,2020.09.09 09:00:00,2020.09.09 09:17:00,Resolved QFP,37.938173,6.679386
2020.09.09 10:00:00,2020.09.09 08:00:00,,,,
2020.09.09 11:00:05,2020.09.09 11:00:00,2020.09.09 11:00:05,Resolved QFP,37.94358,6.681503
2020.09.09 12:00:00,2020.09.09 10:00:00,,,,
2020.09.09 12:00:00,2020.09.09 12:00:00,,,,
2020.09.09 12:09:43,2020.09.09 12:00:00,2020.09.09 12:09:43,Resolved QFP,37.945885,6.682153
2020.09.09 13:16:50,2020.09.09 13:00:00,2020.09.09 13:16:50,Resolved QFP,37.948491,6.681318
2020.09.09 14:00:00,2020.09.09 12:00:00,,,,
2020.09.09 14:01:24,2020.09.09 14:00:00,2020.09.09 14:01:24,Resolved QFP,37.948144,6.677938
2020.09.09 14:05:26,2020.09.09 14:05:26,,,,
2020.09.09 15:04:51,2020.09.09 15:00:00,2020.09.09 15:04:51,Resolved QFP,37.947248,6.670831
2020.09.09 16:00:00,2020.09.09 14:00:00,,,,
2020.09.09 17:00:11,2020.09.09 17:00:00,2020.09.09 17:00:11,Resolved QFP,37.945995,6.653983
2020.09.09 18:00:00,2020.09.09 16:00:00,,,,
2020.09.09 18:00:07,2020.09.09 18:00:00,2020.09.09 18:00:07,Resolved QFP,37.944169,6.644964
2020.09.09 20:00:00,2020.09.09 18:00:00,,,,
2020.09.09 20:18:07,2020.09.09 20:00:00,2020.09.09 20:18:07,Resolved QFP,37.945502,6.637047
2020.09.09 21:14:21,2020.09.09 21:00:00,2020.09.09 21:14:21,Resolved QFP,37.946983,6.636929
2020.09.09 22:00:00,2020.09.09 20:00:00,,,,
2020.09.10 00:00:00,2020.09.09 22:00:00,,,,
2020.09.10 00:00:00,2020.09.10 00:00:00,,,,
2020.09.10 00:10:58,2020.09.10 00:00:00,2020.09.10 00:10:58,Resolved QFP (Uncertain),37.949138,6.628013
2020.09.10 01:19:27,2020.09.10 01:00:00,2020.09.10 01:19:27,Resolved QFP,37.951556,6.622812
2020.09.10 02:00:00,2020.09.10 00:00:00,,,,
2020.09.10 02:21:57,2020.09.10 02:21:57,,,,
2020.09.10 02:22:17,2020.09.10 02:00:00,2020.09.10 02:22:17,Resolved QFP,37.953608,6.620095
2020.09.10 03:09:57,2020.09.10 03:00:00,2020.09.10 03:09:57,Resolved QFP,37.955623,6.619907
2020.09.10 04:00:00,2020.09.10 02:00:00,,,,
2020.09.10 04:08:02,2020.09.10 04:00:00,2020.09.10 04:08:02,Resolved QFP,37.95773,6.618829
2020.09.10 05:13:46,2020.09.10 05:00:00,2020.09.10 05:13:46,Resolved QFP,37.958166,6.615879
2020.09.10 06:00:00,2020.09.10 04:00:00,,,,
2020.09.10 06:16:14,2020.09.10 06:00:00,2020.09.10 06:16:14,Resolved QFP,37.961339,6.609226
2020.09.10 07:31:10,2020.09.10 07:00:00,2020.09.10 07:31:10,Resolved QFP,37.960943,6.605282
2020.09.10 07:31:24,2020.09.10 07:31:24,,,,
2020.09.10 08:00:00,2020.09.10 06:00:00,,,,
2020.09.10 08:10:06,2020.09.10 08:00:00,2020.09.10 08:10:06,Resolved QFP,37.962799,6.60496
2020.09.10 09:02:06,2020.09.10 09:00:00,2020.09.10 09:02:06,Resolved QFP,37.963671,6.606132
2020.09.10 10:00:00,2020.09.10 08:00:00,,,,
2020.09.10 10:02:45,2020.09.10 10:00:00,2020.09.10 10:02:45,Resolved QFP,37.957982,6.600502
2020.09.10 11:05:19,2020.09.10 11:00:00,2020.09.10 11:05:19,Resolved QFP,37.954342,6.591983
2020.09.10 12:00:00,2020.09.10 10:00:00,,,,
2020.09.10 12:00:00,2020.09.10 12:00:00,,,,
2020.09.10 13:01:17,2020.09.10 13:00:00,2020.09.10 13:01:17,Resolved QFP,37.939365,6.576338
2020.09.10 14:00:00,2020.09.10 12:00:00,,,,
2020.09.10 15:07:56,2020.09.10 15:00:00,2020.09.10 15:07:56,Resolved QFP,37.929417,6.559856
2020.09.10 16:00:00,2020.09.10 14:00:00,,,,
2020.09.10 16:28:16,2020.09.10 16:00:00,2020.09.10 16:28:16,Resolved QFP,37.92634,6.545932
2020.09.10 17:12:37,2020.09.10 17:00:00,2020.09.10 17:12:37,Resolved QFP,37.926063,6.538066
2020.09.10 18:00:00,2020.09.10 16:00:00,,,,
2020.09.10 18:24:36,2020.09.10 18:24:36,,,,
2020.09.10 20:00:00,2020.09.10 18:00:00,,,,
2020.09.10 22:00:00,2020.09.10 20:00:00,,,,
2020.09.11 00:00:00,2020.09.10 22:00:00,,,,
2020.09.11 00:00:00,2020.09.11 00:00:00,,,,
2020.09.11 02:00:00,2020.09.11 00:00:00,,,,
2020.09.11 03:07:14,2020.09.11 03:00:00,2020.09.11 03:07:14,Resolved QFP,37.912294,6.5232
2020.09.11 04:00:00,2020.09.11 02:00:00,,,,
2020.09.11 05:27:11,2020.09.11 05:00:00,2020.09.11 05:27:11,Unresolved QFP,37.902797,6.504638
2020.09.11 06:00:00,2020.09.11 04:00:00,,,,
2020.09.11 06:26:29,2020.09.11 06:00:00,2020.09.11 06:26:29,Resolved QFP,37.898913,6.495317
2020.09.11 07:01:41,2020.09.11 07:00:00,2020.09.11 07:01:41,Resolved QFP,37.89839,6.490828
2020.09.11 08:00:00,2020.09.11 06:00:00,,,,
2020.09.11 08:25:10,2020.09.11 08:00:00,2020.09.11 08:25:10,Resolved QFP,37.891869,6.483256
2020.09.11 09:12:07,2020.09.11 09:00:00,2020.09.11 09:12:07,Resolved QFP,37.892314,6.471761
2020.09.11 10:00:00,2020.09.11 08:00:00,,,,
2020.09.11 10:11:41,2020.09.11 10:11:41,,,,
2020.09.11 10:12:25,2020.09.11 10:00:00,2020.09.11 10:12:25,Resolved QFP,37.891106,6.461893
2020.09.11 12:00:00,2020.09.11 10:00:00,,,,
2020.09.11 12:00:00,2020.09.11 12:00:00,,,,
2020.09.11 12:00:05,2020.09.11 12:00:00,2020.09.11 12:00:05,Resolved QFP,37.882521,6.459201
2020.09.11 14:00:00,2020.09.11 12:00:00,,,,
2020.09.11 15:21:51,2020.09.11 15:00:00,2020.09.11 15:21:51,Resolved QFP,37.85499,6.438312
2020.09.11 16:00:00,2020.09.11 14:00:00,,,,
2020.09.11 16:09:24,2020.09.11 16:00:00,2020.09.11 16:09:24,Resolved QFP,37.847784,6.433225
2020.09.11 17:10:00,2020.09.11 17:00:00,2020.09.11 17:10:00,Resolved QFP,37.839694,6.425765
2020.09.11 18:00:00,2020.09.11 16:00:00,,,,
2020.09.11 18:01:47,2020.09.11 18:00:00,2020.09.11 18:01:47,Resolved QFP,37.833452,6.419058
2020.09.11 20:00:00,2020.09.11 18:00:00,,,,
2020.09.11 22:00:00,2020.09.11 20:00:00,,,,
2020.09.11 22:17:43,2020.09.11 22:00:00,2020.09.11 22:17:43,Resolved QFP (Uncertain),37.806286,6.405204
2020.09.11 22:58:22,2020.09.11 23:00:00,2020.09.11 22:58:22,Resolved QFP (Uncertain),34.283284,1.751456
2020.09.12 00:00:00,2020.09.11 22:00:00,,,,
2020.09.12 00:00:00,2020.09.12 00:00:00,,,,
2020.09.12 02:00:00,2020.09.12 00:00:00,,,,
2020.09.12 02:58:25,2020.09.12 02:58:25,,,,
2020.09.12 03:00:19,2020.09.12 03:00:00,2020.09.12 03:00:19,Resolved QFP,37.788929,6.389143
2020.09.12 04:00:00,2020.09.12 02:00:00,,,,
2020.09.12 05:24:24,2020.09.12 05:00:00,2020.09.12 05:24:24,Resolved QFP,37.777727,6.373385
2020.09.12 06:00:00,2020.09.12 04:00:00,,,,
2020.09.12 06:05:17,2020.09.12 06:00:00,2020.09.12 06:05:17,Resolved QFP,37.772871,6.371826
2020.09.12 06:34:14,2020.09.12 06:34:14,,,,
2020.09.12 07:15:20,2020.09.12 07:00:00,2020.09.12 07:15:20,Resolved QFP,37.761501,6.366631
2020.09.12 08:00:00,2020.09.12 06:00:00,,,,
2020.09.12 08:36:32,2020.09.12 08:00:00,2020.09.12 08:36:32,Resolved QFP,37.751578,6.366702
2020.09.12 09:21:05,2020.09.12 09:00:00,2020.09.12 09:21:05,Resolved QFP,37.743349,6.36665
2020.09.12 10:00:00,2020.09.12 08:00:00,,,,
2020.09.12 10:00:07,2020.09.12 10:00:00,2020.09.12 10:00:07,Resolved QFP,37.736576,6.366573
2020.09.12 11:14:09,2020.09.12 11:00:00,2020.09.12 11:14:09,Resolved QFP,37.721701,6.370754
2020.09.12 12:00:00,2020.09.12 10:00:00,,,,
2020.09.12 12:00:00,2020.09.12 12:00:00,,,,
2020.09.12 12:22:07,2020.09.12 12:00:00,2020.09.12 12:22:07,Resolved QFP,37.708188,6.373065
2020.09.12 13:06:29,2020.09.12 13:00:00,2020.09.12 13:06:29,Resolved QFP,37.698019,6.374845
2020.09.12 14:00:00,2020.09.12 12:00:00,,,,
2020.09.12 14:21:16,2020.09.12 14:21:16,,,,
2020.09.12 14:21:32,2020.09.12 14:00:00,2020.09.12 14:21:32,Resolved QFP (Uncertain),37.679248,6.373829
2020.09.12 14:55:49,2020.09.12 14:55:49,,,,
2020.09.12 15:00:12,2020.09.12 15:00:00,2020.09.12 15:00:12,Resolved QFP,37.671228,6.374894
2020.09.12 16:00:00,2020.09.12 14:00:00,,,,
2020.09.12 16:08:04,2020.09.12 16:00:00,2020.09.12 16:08:04,Resolved QFP,37.659807,6.375889
2020.09.12 17:20:26,2020.09.12 17:00:00,2020.09.12 17:20:26,Unresolved QFP,37.646366,6.378254
2020.09.12 18:00:00,2020.09.12 16:00:00,,,,
2020.09.12 18:00:08,2020.09.12 18:00:00,2020.09.12 18:00:08,Resolved QFP,37.639231,6.381482
2020.09.12 19:12:15,2020.09.12 19:00:00,2020.09.12 19:12:15,Resolved QFP,37.621476,6.389512
2020.09.12 20:00:00,2020.09.12 18:00:00,,,,
2020.09.12 20:04:53,2020.09.12 20:00:00,2020.09.12 20:04:53,Resolved QFP (Uncertain),37.607326,6.392886
2020.09.12 22:00:00,2020.09.12 20:00:00,,,,
2020.09.12 22:01:54,2020.09.12 22:00:00,2020.09.12 22:01:54,Resolved QFP,37.578114,6.400012
2020.09.12 23:00:33,2020.09.12 23:00:00,2020.09.12 23:00:33,Resolved QFP,37.563528,6.400895
2020.09.13 00:00:00,2020.09.12 22:00:00,,,,
2020.09.13 00:00:00,2020.09.13 00:00:00,,,,
2020.09.13 00:32:22,2020.09.13 00:32:22,,,,
2020.09.13 01:09:01,2020.09.13 01:00:00,2020.09.13 01:09:01,Resolved QFP,37.539088,6.401388
2020.09.13 02:00:00,2020.09.13 00:00:00,,,,
2020.09.13 02:04:02,2020.09.13 02:00:00,2020.09.13 02:04:02,Resolved QFP,37.530658,6.401442
2020.09.13 04:00:00,2020.09.13 02:00:00,,,,
2020.09.13 04:08:12,2020.09.13 04:00:00,2020.09.13 04:08:12,Resolved QFP,37.513559,6.410495
2020.09.13 05:17:16,2020.09.13 05:00:00,2020.09.13 05:17:16,Resolved QFP,37.504532,6.404975
2020.09.13 06:00:00,2020.09.13 04:00:00,,,,
2020.09.13 06:07:51,2020.09.13 06:00:00,2020.09.13 06:07:51,Resolved QFP,37.501057,6.409018
2020.09.13 07:24:10,2020.09.13 07:00:00,2020.09.13 07:24:10,Resolved QFP,37.489309,6.401302
2020.09.13 07:24:23,2020.09.13 07:24:23,,,,
2020.09.13 08:00:00,2020.09.13 06:00:00,,,,
2020.09.13 08:30:20,2020.09.13 08:00:00,2020.09.13 08:30:20,Resolved QFP,37.476536,6.397099
2020.09.13 09:14:09,2020.09.13 09:00:00,2020.09.13 09:14:09,Resolved QFP,37.471812,6.39378
2020.09.13 10:00:00,2020.09.13 08:00:00,,,,
2020.09.13 10:00:35,2020.09.13 10:00:00,2020.09.13 10:00:35,Resolved QFP,37.469892,6.387059
2020.09.13 12:00:00,2020.09.13 10:00:00,,,,
2020.09.13 12:00:00,2020.09.13 12:00:00,,,,
2020.09.13 12:04:09,2020.09.13 12:00:00,2020.09.13 12:04:09,Resolved QFP,37.453954,6.371491
2020.09.13 13:12:00,2020.09.13 13:00:00,2020.09.13 13:12:00,Resolved QFP,37.437324,6.36395
2020.09.13 14:00:00,2020.09.13 12:00:00,,,,
2020.09.13 14:26:27,2020.09.13 14:00:00,2020.09.13 14:26:27,Resolved QFP,37.412669,6.352317
2020.09.13 15:11:29,2020.09.13 15:00:00,2020.09.13 15:11:29,Resolved QFP,37.402648,6.346812
2020.09.13 15:15:49,2020.09.13 15:15:49,,,,
2020.09.13 16:00:00,2020.09.13 14:00:00,,,,
2020.09.13 16:04:02,2020.09.13 16:00:00,2020.09.13 16:04:02,Resolved QFP,37.392842,6.339286
2020.09.13 17:09:36,2020.09.13 17:00:00,2020.09.13 17:09:36,Resolved QFP,37.377304,6.326619
2020.09.13 18:00:00,2020.09.13 16:00:00,,,,
2020.09.13 18:18:18,2020.09.13 18:00:00,2020.09.13 18:18:18,Resolved QFP,37.368832,6.311876
2020.09.13 19:00:18,2020.09.13 19:00:00,2020.09.13 19:00:18,Resolved QFP,37.364864,6.308098
2020.09.13 20:00:00,2020.09.13 18:00:00,,,,
2020.09.13 20:00:25,2020.09.13 20:00:00,2020.09.13 20:00:25,Resolved QFP,37.359377,6.29703
2020.09.13 21:01:39,2020.09.13 21:00:00,2020.09.13 21:01:39,Resolved QFP,37.350505,6.28198
2020.09.13 22:00:00,2020.09.13 20:00:00,,,,
2020.09.13 22:10:10,2020.09.13 22:00:00,2020.09.13 22:10:10,Resolved QFP,37.346436,6.26396
2020.09.14 00:00:00,2020.09.13 22:00:00,,,,
2020.09.14 00:00:00,2020.09.14 00:00:00,,,,
2020.09.14 00:04:57,2020.09.14 00:00:00,2020.09.14 00:04:57,Resolved QFP,37.349239,6.226646
2020.09.14 02:00:00,2020.09.14 00:00:00,,,,
2020.09.14 02:02:23,2020.09.14 02:00:00,2020.09.14 02:02:23,Resolved QFP (Uncertain),37.362377,6.189473
2020.09.14 03:16:37,2020.09.14 03:00:00,2020.09.14 03:16:37,Resolved QFP,37.36972,6.166704
2020.09.14 04:00:00,2020.09.14 02:00:00,,,,
2020.09.14 05:00:06,2020.09.14 05:00:00,2020.09.14 05:00:06,Resolved QFP,37.383755,6.138081
2020.09.14 05:52:01,2020.09.14 05:52:01,,,,
2020.09.14 06:00:00,2020.09.14 04:00:00,,,,
2020.09.14 06:18:51,2020.09.14 06:00:00,2020.09.14 06:18:51,Resolved QFP,37.393598,6.112958
2020.09.14 07:10:52,2020.09.14 07:00:00,2020.09.14 07:10:52,Resolved QFP,37.399418,6.092848
2020.09.14 08:00:00,2020.09.14 06:00:00,,,,
2020.09.14 08:11:29,2020.09.14 08:00:00,2020.09.14 08:11:29,Resolved QFP,37.412506,6.071085
2020.09.14 10:00:00,2020.09.14 08:00:00,,,,
2020.09.14 10:09:51,2020.09.14 10:09:51,,,,
2020.09.14 10:10:00,2020.09.14 10:00:00,2020.09.14 10:10:00,Resolved QFP,37.433246,6.030133
2020.09.14 11:22:03,2020.09.14 11:00:00,2020.09.14 11:22:03,Resolved QFP,37.43989,6.001717
2020.09.14 12:00:00,2020.09.14 10:00:00,,,,
2020.09.14 12:00:00,2020.09.14 12:00:00,,,,
2020.09.14 12:10:17,2020.09.14 12:00:00,2020.09.14 12:10:17,Resolved QFP,37.441497,5.978635
2020.09.14 13:14:09,2020.09.14 13:00:00,2020.09.14 13:14:09,Resolved QFP,37.444289,5.953824
2020.09.14 14:00:00,2020.09.14 12:00:00,,,,
2020.09.14 14:20:02,2020.09.14 14:00:00,2020.09.14 14:20:02,Resolved QFP,37.452116,5.92845
2020.09.14 15:00:08,2020.09.14 15:00:00,2020.09.14 15:00:08,Resolved QFP,37.454788,5.908176
2020.09.14 16:00:00,2020.09.14 14:00:00,,,,
2020.09.14 16:14:53,2020.09.14 16:00:00,2020.09.14 16:14:53,Resolved QFP,37.461664,5.868728
2020.09.14 17:13:23,2020.09.14 17:00:00,2020.09.14 17:13:23,Resolved QFP,37.472678,5.845422
2020.09.14 17:13:34,2020.09.14 17:13:34,,,,
2020.09.14 17:44:01,2020.09.14 17:44:01,,,,
2020.09.14 18:00:00,2020.09.14 16:00:00,,,,
2020.09.14 18:11:32,2020.09.14 18:00:00,2020.09.14 18:11:32,Resolved QFP,37.484476,5.822308
2020.09.14 19:05:53,2020.09.14 19:00:00,2020.09.14 19:05:53,Resolved QFP,37.495507,5.802462
2020.09.14 20:00:00,2020.09.14 18:00:00,,,,
2020.09.14 21:02:24,2020.09.14 21:00:00,2020.09.14 21:02:24,Unresolved QFP,37.515154,5.751661
2020.09.14 22:00:00,2020.09.14 20:00:00,,,,
2020.09.15 00:00:00,2020.09.14 22:00:00,,,,
2020.09.15 00:00:00,2020.09.15 00:00:00,,,,
2020.09.15 00:08:56,2020.09.15 00:00:00,2020.09.15 00:08:56,Unresolved QFP,37.563307,5.677487
2020.09.15 01:00:11,2020.09.15 01:00:00,2020.09.15 01:00:11,Resolved QFP,37.577792,5.661139
2020.09.15 02:00:00,2020.09.15 00:00:00,,,,
2020.09.15 02:03:52,2020.09.15 02:00:00,2020.09.15 02:03:52,Resolved QFP,37.596097,5.64412
2020.09.15 03:00:07,2020.09.15 03:00:00,2020.09.15 03:00:07,Resolved QFP,37.611411,5.634118
2020.09.15 04:00:00,2020.09.15 02:00:00,,,,
2020.09.15 04:50:16,2020.09.15 04:50:16,,,,
2020.09.15 05:16:06,2020.09.15 05:00:00,2020.09.15 05:16:06,Resolved QFP,37.64209,5.612882
2020.09.15 06:00:00,2020.09.15 04:00:00,,,,
2020.09.15 06:19:32,2020.09.15 06:00:00,2020.09.15 06:19:32,Resolved QFP,37.651557,5.595639
2020.09.15 08:00:00,2020.09.15 06:00:00,,,,
2020.09.15 08:03:40,2020.09.15 08:00:00,2020.09.15 08:03:40,Resolved QFP,37.666327,5.577139
2020.09.15 09:10:19,2020.09.15 09:00:00,2020.09.15 09:10:19,Resolved QFP,37.676872,5.568985
2020.09.15 10:00:00,2020.09.15 08:00:00,,,,
2020.09.15 10:03:49,2020.09.15 10:00:00,2020.09.15 10:03:49,Unresolved QFP,37.686556,5.563788
2020.09.15 11:18:07,2020.09.15 11:00:00,2020.09.15 11:18:07,Resolved QFP,37.698436,5.533337
2020.09.15 12:00:00,2020.09.15 10:00:00,,,,
2020.09.15 12:00:00,2020.09.15 12:00:00,,,,
2020.09.15 12:06:40,2020.09.15 12:00:00,2020.09.15 12:06:40,Resolved QFP,37.700506,5.515131
2020.09.15 13:12:12,2020.09.15 13:00:00,2020.09.15 13:12:12,Resolved QFP,37.70331,5.49158
2020.09.15 13:12:23,2020.09.15 13:12:23,,,,
2020.09.15 14:00:00,2020.09.15 12:00:00,,,,
2020.09.15 14:00:07,2020.09.15 14:00:00,2020.09.15 14:00:07,Resolved QFP,37.70696,5.479606
2020.09.15 16:00:00,2020.09.15 14:00:00,,,,
2020.09.15 17:15:20,2020.09.15 17:00:00,2020.09.15 17:15:20,Unresolved QFP,37.726016,5.426244
2020.09.15 18:00:00,2020.09.15 16:00:00,,,,
2020.09.15 18:14:35,2020.09.15 18:00:00,2020.09.15 18:14:35,Resolved QFP,37.7355,5.419143
2020.09.15 20:00:00,2020.09.15 18:00:00,,,,
2020.09.15 22:00:00,2020.09.15 20:00:00,,,,
2020.09.16 00:00:00,2020.09.15 22:00:00,,,,
2020.09.16 00:00:00,2020.09.16 00:00:00,,,,
2020.09.16 00:00:09,2020.09.16 00:00:00,2020.09.16 00:00:09,Resolved QFP,37.788846,5.360931
2020.09.16 02:00:00,2020.09.16 00:00:00,,,,
2020.09.16 04:00:00,2020.09.16 02:00:00,,,,
2020.09.16 06:00:00,2020.09.16 04:00:00,,,,
2020.09.16 06:04:08,2020.09.16 06:00:00,2020.09.16 06:04:08,Resolved QFP (Uncertain),37.836451,5.245803
2020.09.16 07:08:16,2020.09.16 07:00:00,2020.09.16 07:08:16,Resolved QFP,37.84743,5.237291
2020.09.16 08:00:00,2020.09.16 06:00:00,,,,
2020.09.16 08:20:34,2020.09.16 08:00:00,2020.09.16 08:20:34,Resolved QFP,37.862275,5.227758
2020.09.16 10:00:00,2020.09.16 08:00:00,,,,
2020.09.16 10:38:48,2020.09.16 10:38:48,,,,
2020.09.16 10:38:58,2020.09.16 10:00:00,2020.09.16 10:38:58,Resolved QFP,37.887426,5.213782
2020.09.16 11:06:38,2020.09.16 11:00:00,2020.09.16 11:06:38,Resolved QFP,37.888442,5.209395
2020.09.16 12:00:00,2020.09.16 10:00:00,,,,
2020.09.16 12:00:00,2020.09.16 12:00:00,,,,
2020.09.16 12:25:21,2020.09.16 12:00:00,2020.09.16 12:25:21,Resolved QFP,37.889235,5.200833
2020.09.16 13:23:28,2020.09.16 13:00:00,2020.09.16 13:23:28,Resolved QFP,37.890625,5.189973
2020.09.16 14:00:00,2020.09.16 12:00:00,,,,
2020.09.16 14:00:07,2020.09.16 14:00:00,2020.09.16 14:00:07,Resolved QFP,37.89096,5.182698
2020.09.16 14:00:18,2020.09.16 14:00:18,,,,
2020.09.16 15:00:05,2020.09.16 15:00:00,2020.09.16 15:00:05,Resolved QFP,37.889547,5.170468
2020.09.16 16:00:00,2020.09.16 14:00:00,,,,
2020.09.16 17:08:10,2020.09.16 17:00:00,2020.09.16 17:08:10,Resolved QFP,37.884458,5.139266
2020.09.16 18:00:00,2020.09.16 16:00:00,,,,
2020.09.16 18:17:07,2020.09.16 18:00:00,2020.09.16 18:17:07,Resolved QFP,37.885187,5.124558
2020.09.16 20:00:00,2020.09.16 18:00:00,,,,
2020.09.16 22:00:00,2020.09.16 20:00:00,,,,
2020.09.17 00:00:00,2020.09.16 22:00:00,,,,
2020.09.17 00:00:00,2020.09.17 00:00:00,,,,
2020.09.17 00:04:25,2020.09.17 00:00:00,2020.09.17 00:04:25,Resolved QFP,37.922606,5.046677
2020.09.17 02:00:00,2020.09.17 00:00:00,,,,
2020.09.17 04:00:00,2020.09.17 02:00:00,,,,
2020.09.17 05:04:15,2020.09.17 05:00:00,2020.09.17 05:04:15,Unresolved QFP,37.956685,5.016718
2020.09.17 06:00:00,2020.09.17 04:00:00,,,,
2020.09.17 06:19:35,2020.09.17 06:00:00,2020.09.17 06:19:35,Resolved QFP,37.962362,5.002268
2020.09.17 06:49:15,2020.09.17 06:49:15,,,,
2020.09.17 07:18:43,2020.09.17 07:00:00,2020.09.17 07:18:43,Resolved QFP,37.965758,4.994922
2020.09.17 08:00:00,2020.09.17 06:00:00,,,,
2020.09.17 08:14:39,2020.09.17 08:00:00,2020.09.17 08:14:39,Resolved QFP,37.968785,4.988092
2020.09.17 09:09:24,2020.09.17 09:00:00,2020.09.17 09:09:24,Resolved QFP,37.970946,4.979412
2020.09.17 10:00:00,2020.09.17 08:00:00,,,,
2020.09.17 10:00:06,2020.09.17 10:00:00,2020.09.17 10:00:06,Resolved QFP,37.971736,4.969554
2020.09.17 11:00:06,2020.09.17 11:00:00,2020.09.17 11:00:06,Resolved QFP,37.973585,4.958079
2020.09.17 12:00:00,2020.09.17 10:00:00,,,,
2020.09.17 12:00:00,2020.09.17 12:00:00,,,,
2020.09.17 12:00:07,2020.09.17 12:00:00,2020.09.17 12:00:07,Resolved QFP,37.973785,4.942957
2020.09.17 13:07:21,2020.09.17 13:00:00,2020.09.17 13:07:21,Resolved QFP,37.971709,4.926558
2020.09.17 13:07:30,2020.09.17 13:07:30,,,,
2020.09.17 14:00:00,2020.09.17 12:00:00,,,,
2020.09.17 14:04:51,2020.09.17 14:00:00,2020.09.17 14:04:51,Resolved QFP,37.968634,4.917458
2020.09.17 15:00:07,2020.09.17 15:00:00,2020.09.17 15:00:07,Resolved QFP,37.969618,4.906645
2020.09.17 16:00:00,2020.09.17 14:00:00,,,,
2020.09.17 16:11:42,2020.09.17 16:00:00,2020.09.17 16:11:42,Resolved QFP (Uncertain),37.975146,4.89537
2020.09.17 18:00:00,2020.09.17 16:00:00,,,,
2020.09.17 18:16:23,2020.09.17 18:00:00,2020.09.17 18:16:23,Resolved QFP,37.982307,4.868642
2020.09.17 20:00:00,2020.09.17 18:00:00,,,,
2020.09.17 21:11:41,2020.09.17 21:00:00,2020.09.17 21:11:41,Resolved QFP (Uncertain),37.986958,4.847198
2020.09.17 22:00:00,2020.09.17 20:00:00,,,,
2020.09.17 23:39:53,2020.09.17 23:39:53,,,,
2020.09.18 00:00:00,2020.09.17 22:00:00,,,,
2020.09.18 00:00:00,2020.09.18 00:00:00,,,,
2020.09.18 00:11:02,2020.09.18 00:00:00,2020.09.18 00:11:02,Resolved QFP,37.995667,4.826752
2020.09.18 00:11:13,2020.09.18 00:11:13,,,,
2020.09.18 02:00:00,2020.09.18 00:00:00,,,,
2020.09.18 03:05:42,2020.09.18 03:00:00,2020.09.18 03:05:42,Unresolved QFP,38.009056,4.811861
2020.09.18 04:00:00,2020.09.18 02:00:00,,,,
2020.09.18 04:07:42,2020.09.18 04:00:00,2020.09.18 04:07:42,Resolved QFP,38.013151,4.807329
2020.09.18 06:00:00,2020.09.18 04:00:00,,,,
2020.09.18 06:06:41,2020.09.18 06:00:00,2020.09.18 06:06:41,Resolved QFP,38.017381,4.789233
2020.09.18 07:22:58,2020.09.18 07:00:00,2020.09.18 07:22:58,Resolved QFP,38.016968,4.773233
2020.09.18 08:00:00,2020.09.18 06:00:00,,,,
2020.09.18 08:18:22,2020.09.18 08:00:00,2020.09.18 08:18:22,Resolved QFP,38.015737,4.761447
2020.09.18 10:00:00,2020.09.18 08:00:00,,,,
2020.09.18 11:01:42,2020.09.18 11:00:00,2020.09.18 11:01:42,Unresolved QFP,38.021996,4.725912
2020.09.18 12:00:00,2020.09.18 10:00:00,,,,
2020.09.18 12:00:00,2020.09.18 12:00:00,,,,
2020.09.18 12:00:29,2020.09.18 12:00:00,2020.09.18 12:00:29,Resolved QFP,38.029111,4.720036
2020.09.18 13:00:10,2020.09.18 13:00:00,2020.09.18 13:00:10,Resolved QFP,38.0373,4.716805
2020.09.18 14:00:00,2020.09.18 12:00:00,,,,
2020.09.18 16:00:00,2020.09.18 14:00:00,,,,
2020.09.18 17:34:56,2020.09.18 17:34:56,,,,
2020.09.18 18:00:00,2020.09.18 16:00:00,,,,
2020.09.18 18:16:09,2020.09.18 18:00:00,2020.09.18 18:16:09,Resolved QFP,38.049653,4.662161
2020.09.18 20:00:00,2020.09.18 18:00:00,,,,
2020.09.18 22:00:00,2020.09.18 20:00:00,,,,
2020.09.19 00:00:00,2020.09.18 22:00:00,,,,
2020.09.19 00:00:00,2020.09.19 00:00:00,,,,
2020.09.19 00:10:42,2020.09.19 00:00:00,2020.09.19 00:10:42,Resolved QFP,38.07416,4.656608
2020.09.19 02:00:00,2020.09.19 00:00:00,,,,
2020.09.19 02:06:36,2020.09.19 02:00:00,2020.09.19 02:06:36,Unresolved QFP,38.083902,4.658913
2020.09.19 03:59:37,2020.09.19 03:59:37,,,,
2020.09.19 04:00:00,2020.09.19 02:00:00,,,,
2020.09.19 04:00:06,2020.09.19 04:00:00,2020.09.19 04:00:06,Resolved QFP,38.096148,4.660272
2020.09.19 05:07:14,2020.09.19 05:00:00,2020.09.19 05:07:14,Resolved QFP,38.103177,4.657958
2020.09.19 06:00:00,2020.09.19 04:00:00,,,,
2020.09.19 07:24:50,2020.09.19 07:00:00,2020.09.19 07:24:50,Resolved QFP,38.118084,4.628837
2020.09.19 08:00:00,2020.09.19 06:00:00,,,,
2020.09.19 08:07:52,2020.09.19 08:00:00,2020.09.19 08:07:52,Resolved QFP,38.121601,4.616226
2020.09.19 09:14:39,2020.09.19 09:00:00,2020.09.19 09:14:39,Resolved QFP,38.126108,4.597649
2020.09.19 10:00:00,2020.09.19 08:00:00,,,,
2020.09.19 10:02:28,2020.09.19 10:00:00,2020.09.19 10:02:28,Resolved QFP,38.133648,4.586682
2020.09.19 11:24:27,2020.09.19 11:00:00,2020.09.19 11:24:27,Resolved QFP,38.146341,4.568151
2020.09.19 11:24:36,2020.09.19 11:24:36,,,,
2020.09.19 12:00:00,2020.09.19 10:00:00,,,,
2020.09.19 12:00:00,2020.09.19 12:00:00,,,,
2020.09.19 12:15:27,2020.09.19 12:00:00,2020.09.19 12:15:27,Resolved QFP,38.148798,4.554428
2020.09.19 13:31:26,2020.09.19 13:00:00,2020.09.19 13:31:26,Resolved QFP,38.145418,4.536977
2020.09.19 14:00:00,2020.09.19 12:00:00,,,,
2020.09.19 14:49:12,2020.09.19 14:00:00,2020.09.19 14:49:12,Resolved QFP,38.138824,4.516275
2020.09.19 15:40:49,2020.09.19 15:00:00,2020.09.19 15:40:49,Unresolved QFP,37.093186,4.800333
2020.09.19 16:00:00,2020.09.19 14:00:00,,,,
2020.09.19 17:01:09,2020.09.19 17:00:00,2020.09.19 17:01:09,Resolved QFP,38.131497,4.484471
2020.09.19 18:00:00,2020.09.19 16:00:00,,,,
2020.09.19 18:38:17,2020.09.19 18:00:00,2020.09.19 18:38:17,Resolved QFP,38.128467,4.476972
2020.09.19 19:10:07,2020.09.19 19:00:00,2020.09.19 19:10:07,Resolved QFP,38.127795,4.471625
2020.09.19 20:00:00,2020.09.19 18:00:00,,,,
2020.09.19 22:00:00,2020.09.19 20:00:00,,,,
2020.09.20 00:00:00,2020.09.19 22:00:00,,,,
2020.09.20 00:00:00,2020.09.20 00:00:00,,,,
2020.09.20 00:35:00,2020.09.20 00:00:00,2020.09.20 00:35:00,Resolved QFP,38.111737,4.449703
2020.09.20 02:00:00,2020.09.20 00:00:00,,,,
2020.09.20 03:04:57,2020.09.20 03:00:00,2020.09.20 03:04:57,Unresolved QFP,38.101381,4.452727
2020.09.20 04:00:00,2020.09.20 02:00:00,,,,
2020.09.20 04:07:16,2020.09.20 04:00:00,2020.09.20 04:07:16,Resolved QFP,38.095701,4.455034
2020.09.20 04:28:42,2020.09.20 04:28:42,,,,
2020.09.20 05:08:59,2020.09.20 05:00:00,2020.09.20 05:08:59,Resolved QFP,38.088875,4.456462
2020.09.20 06:00:00,2020.09.20 04:00:00,,,,
2020.09.20 06:06:18,2020.09.20 06:00:00,2020.09.20 06:06:18,Resolved QFP,38.084375,4.447343
2020.09.20 07:02:50,2020.09.20 07:00:00,2020.09.20 07:02:50,Resolved QFP,38.082339,4.438072
2020.09.20 08:00:00,2020.09.20 06:00:00,,,,
2020.09.20 08:21:12,2020.09.20 08:21:12,,,,
2020.09.20 08:21:35,2020.09.20 08:00:00,2020.09.20 08:21:35,Resolved QFP,38.078561,4.426488
2020.09.20 09:04:09,2020.09.20 09:00:00,2020.09.20 09:04:09,Resolved QFP,38.079209,4.419496
2020.09.20 09:08:12,2020.09.20 09:08:12,,,,
2020.09.20 10:00:00,2020.09.20 08:00:00,,,,
2020.09.20 10:28:15,2020.09.20 10:00:00,2020.09.20 10:28:15,Resolved QFP,38.080803,4.410058
2020.09.20 11:20:46,2020.09.20 11:00:00,2020.09.20 11:20:46,Resolved QFP,38.078298,4.402871
2020.09.20 12:00:00,2020.09.20 10:00:00,,,,
2020.09.20 12:00:00,2020.09.20 12:00:00,,,,
2020.09.20 12:04:46,2020.09.20 12:00:00,2020.09.20 12:04:46,Resolved QFP,38.077054,4.396564
2020.09.20 13:38:41,2020.09.20 13:00:00,2020.09.20 13:38:41,Resolved QFP,38.069416,4.384786
2020.09.20 14:00:00,2020.09.20 12:00:00,,,,
2020.09.20 14:26:16,2020.09.20 14:00:00,2020.09.20 14:26:16,Resolved QFP,38.066353,4.377165
2020.09.20 16:00:00,2020.09.20 14:00:00,,,,
2020.09.20 16:44:32,2020.09.20 16:44:32,,,,
2020.09.20 17:25:36,2020.09.20 17:00:00,2020.09.20 17:25:36,Resolved QFP,38.059029,4.341284
2020.09.20 18:00:00,2020.09.20 16:00:00,,,,
2020.09.20 18:13:46,2020.09.20 18:00:00,2020.09.20 18:13:46,Resolved QFP,38.059892,4.330269
2020.09.20 20:00:00,2020.09.20 18:00:00,,,,
2020.09.20 22:00:00,2020.09.20 20:00:00,,,,
2020.09.21 00:00:00,2020.09.20 22:00:00,,,,
2020.09.21 00:00:00,2020.09.21 00:00:00,,,,
2020.09.21 01:00:17,2020.09.21 01:00:00,2020.09.21 01:00:17,Unresolved QFP,38.049243,4.351312
2020.09.21 02:00:00,2020.09.21 00:00:00,,,,
2020.09.21 03:01:42,2020.09.21 03:00:00,2020.09.21 03:01:42,Unresolved QFP,38.038288,4.358534
2020.09.21 04:00:00,2020.09.21 02:00:00,,,,
2020.09.21 04:00:18,2020.09.21 04:00:00,2020.09.21 04:00:18,Resolved QFP,38.031704,4.359388
2020.09.21 05:00:05,2020.09.21 05:00:00,2020.09.21 05:00:05,Resolved QFP,38.025555,4.359394
2020.09.21 06:00:14,2020.09.21 06:00:14,,,,
